CLUSTERS / CLASS: 1 

Time (clustering) = 2.0573416609986452
METHOD: euclidean
Correct classification rate (k = 1):
               precision    recall  f1-score   support

     exerc_1     0.2500    0.2000    0.2222         5
     exerc_2     0.5000    0.4000    0.4444         5
     exerc_3     0.4444    0.8000    0.5714         5
     exerc_4     0.0000    0.0000    0.0000         5
     exerc_5     0.5714    0.8000    0.6667         5
     exerc_6     0.3333    0.4000    0.3636         5
     exerc_7     0.7500    0.6000    0.6667         5

    accuracy                         0.4571        35
   macro avg     0.4070    0.4571    0.4193        35
weighted avg     0.4070    0.4571    0.4193        35


Confusion matrix (k = 1):
 [[1 1 1 0 1 1 0]
 [0 2 2 0 1 0 0]
 [0 0 4 0 1 0 0]
 [1 0 2 0 0 1 1]
 [0 0 0 0 4 1 0]
 [1 1 0 1 0 2 0]
 [1 0 0 0 0 1 3]] 

Time (classification) = 0.06203891200129874
----------------------------------------------------------------------

Correct classification rate (k = 3):
               precision    recall  f1-score   support

     exerc_1     0.2500    0.2000    0.2222         5
     exerc_2     0.3333    0.6000    0.4286         5
     exerc_3     0.3333    0.2000    0.2500         5
     exerc_4     0.2500    0.2000    0.2222         5
     exerc_5     0.2000    0.2000    0.2000         5
     exerc_6     0.2000    0.2000    0.2000         5
     exerc_7     0.4000    0.4000    0.4000         5

    accuracy                         0.2857        35
   macro avg     0.2810    0.2857    0.2747        35
weighted avg     0.2810    0.2857    0.2747        35


Confusion matrix (k = 3):
 [[1 2 0 1 1 0 0]
 [0 3 1 0 1 0 0]
 [0 2 1 1 1 0 0]
 [0 0 0 1 1 2 1]
 [1 0 1 1 1 0 1]
 [1 2 0 0 0 1 1]
 [1 0 0 0 0 2 2]] 

Time (classification) = 0.04192039200279396
----------------------------------------------------------------------

Correct classification rate (k = 5):
               precision    recall  f1-score   support

     exerc_1     0.0000    0.0000    0.0000         5
     exerc_2     0.1429    0.2000    0.1667         5
     exerc_3     0.2857    0.4000    0.3333         5
     exerc_4     0.0000    0.0000    0.0000         5
     exerc_5     0.0000    0.0000    0.0000         5
     exerc_6     0.5000    0.2000    0.2857         5
     exerc_7     0.5000    0.4000    0.4444         5

    accuracy                         0.1714        35
   macro avg     0.2041    0.1714    0.1757        35
weighted avg     0.2041    0.1714    0.1757        35


Confusion matrix (k = 5):
 [[0 2 0 2 1 0 0]
 [0 1 1 2 0 0 1]
 [1 1 2 1 0 0 0]
 [1 0 3 0 0 1 0]
 [0 1 0 3 0 0 1]
 [1 0 1 2 0 1 0]
 [0 2 0 1 0 0 2]] 

Time (classification) = 0.030723121992195956
----------------------------------------------------------------------

Correct classification rate (k = 7):
               precision    recall  f1-score   support

     exerc_1     0.4286    0.6000    0.5000         5
     exerc_2     0.1429    0.2000    0.1667         5
     exerc_3     0.0000    0.0000    0.0000         5
     exerc_4     0.0000    0.0000    0.0000         5
     exerc_5     0.0000    0.0000    0.0000         5
     exerc_6     1.0000    0.2000    0.3333         5
     exerc_7     0.1429    0.2000    0.1667         5

    accuracy                         0.1714        35
   macro avg     0.2449    0.1714    0.1667        35
weighted avg     0.2449    0.1714    0.1667        35


Confusion matrix (k = 7):
 [[3 2 0 0 0 0 0]
 [1 1 1 1 0 0 1]
 [2 0 0 1 1 0 1]
 [1 2 1 0 0 0 1]
 [0 2 0 1 0 0 2]
 [0 0 1 1 1 1 1]
 [0 0 1 2 1 0 1]] 

Time (classification) = 0.029714231000980362
----------------------------------------------------------------------

METHOD: fastdtw
Correct classification rate (k = 1):
               precision    recall  f1-score   support

     exerc_1     1.0000    0.2000    0.3333         5
     exerc_2     0.0000    0.0000    0.0000         5
     exerc_3     1.0000    0.8000    0.8889         5
     exerc_4     1.0000    0.6000    0.7500         5
     exerc_5     1.0000    0.6000    0.7500         5
     exerc_6     0.2222    0.8000    0.3478         5
     exerc_7     0.6667    0.8000    0.7273         5

    accuracy                         0.5429        35
   macro avg     0.6984    0.5429    0.5425        35
weighted avg     0.6984    0.5429    0.5425        35


Confusion matrix (k = 1):
 [[1 0 0 0 0 4 0]
 [0 0 0 0 0 4 1]
 [0 0 4 0 0 1 0]
 [0 0 0 3 0 2 0]
 [0 0 0 0 3 2 0]
 [0 0 0 0 0 4 1]
 [0 0 0 0 0 1 4]] 

Time (classification) = 42.53773504399578
----------------------------------------------------------------------

Correct classification rate (k = 3):
               precision    recall  f1-score   support

     exerc_1     0.3750    0.6000    0.4615         5
     exerc_2     0.4000    0.4000    0.4000         5
     exerc_3     0.0000    0.0000    0.0000         5
     exerc_4     0.5000    0.4000    0.4444         5
     exerc_5     0.5000    0.4000    0.4444         5
     exerc_6     0.1667    0.2000    0.1818         5
     exerc_7     0.2857    0.4000    0.3333         5

    accuracy                         0.3429        35
   macro avg     0.3182    0.3429    0.3237        35
weighted avg     0.3182    0.3429    0.3237        35


Confusion matrix (k = 3):
 [[3 0 0 0 1 1 0]
 [0 2 0 0 1 2 0]
 [0 1 0 2 0 1 1]
 [1 0 1 2 0 0 1]
 [0 0 0 0 2 1 2]
 [1 2 0 0 0 1 1]
 [3 0 0 0 0 0 2]] 

Time (classification) = 33.50549532400328
----------------------------------------------------------------------

Correct classification rate (k = 5):
               precision    recall  f1-score   support

     exerc_1     0.0000    0.0000    0.0000         5
     exerc_2     0.0000    0.0000    0.0000         5
     exerc_3     0.6667    0.4000    0.5000         5
     exerc_4     0.2000    0.4000    0.2667         5
     exerc_5     0.5000    0.4000    0.4444         5
     exerc_6     0.0000    0.0000    0.0000         5
     exerc_7     0.5000    0.4000    0.4444         5

    accuracy                         0.2286        35
   macro avg     0.2667    0.2286    0.2365        35
weighted avg     0.2667    0.2286    0.2365        35


Confusion matrix (k = 5):
 [[0 1 0 1 1 1 1]
 [1 0 1 3 0 0 0]
 [0 1 2 1 0 1 0]
 [1 1 0 2 0 1 0]
 [0 0 0 1 2 1 1]
 [0 2 0 2 1 0 0]
 [2 0 0 0 0 1 2]] 

Time (classification) = 33.51187243699678
----------------------------------------------------------------------

Correct classification rate (k = 7):
               precision    recall  f1-score   support

     exerc_1     0.1429    0.2000    0.1667         5
     exerc_2     0.0000    0.0000    0.0000         5
     exerc_3     0.0000    0.0000    0.0000         5
     exerc_4     0.0000    0.0000    0.0000         5
     exerc_5     0.0000    0.0000    0.0000         5
     exerc_6     0.5000    0.2000    0.2857         5
     exerc_7     0.1667    0.2000    0.1818         5

    accuracy                         0.0857        35
   macro avg     0.1156    0.0857    0.0906        35
weighted avg     0.1156    0.0857    0.0906        35


Confusion matrix (k = 7):
 [[1 1 2 0 1 0 0]
 [1 0 1 0 1 0 2]
 [2 2 0 0 0 0 1]
 [3 0 0 0 1 1 0]
 [0 3 0 1 0 0 1]
 [0 1 0 1 1 1 1]
 [0 2 0 0 2 0 1]] 

Time (classification) = 33.81383431199356
----------------------------------------------------------------------

CLUSTERS / CLASS: 2 

Time (clustering) = 2.558334197005024
METHOD: euclidean
Correct classification rate (k = 1):
               precision    recall  f1-score   support

     exerc_1     0.3333    0.4000    0.3636         5
     exerc_2     0.3333    0.6000    0.4286         5
     exerc_3     0.5714    0.8000    0.6667         5
     exerc_4     1.0000    0.2000    0.3333         5
     exerc_5     0.2500    0.2000    0.2222         5
     exerc_6     0.4000    0.4000    0.4000         5
     exerc_7     0.6667    0.4000    0.5000         5

    accuracy                         0.4286        35
   macro avg     0.5078    0.4286    0.4163        35
weighted avg     0.5078    0.4286    0.4163        35


Confusion matrix (k = 1):
 [[2 2 0 0 0 1 0]
 [0 3 1 0 1 0 0]
 [0 1 4 0 0 0 0]
 [0 0 2 1 0 1 1]
 [3 1 0 0 1 0 0]
 [1 2 0 0 0 2 0]
 [0 0 0 0 2 1 2]] 

Time (classification) = 0.1039536699972814
----------------------------------------------------------------------

Correct classification rate (k = 3):
               precision    recall  f1-score   support

     exerc_1     0.0000    0.0000    0.0000         5
     exerc_2     0.3000    0.6000    0.4000         5
     exerc_3     0.6667    0.8000    0.7273         5
     exerc_4     1.0000    0.4000    0.5714         5
     exerc_5     0.4286    0.6000    0.5000         5
     exerc_6     0.4000    0.4000    0.4000         5
     exerc_7     0.5000    0.4000    0.4444         5

    accuracy                         0.4571        35
   macro avg     0.4707    0.4571    0.4347        35
weighted avg     0.4707    0.4571    0.4347        35


Confusion matrix (k = 3):
 [[0 3 0 0 1 1 0]
 [0 3 1 0 1 0 0]
 [0 1 4 0 0 0 0]
 [0 0 1 2 0 1 1]
 [1 1 0 0 3 0 0]
 [0 2 0 0 0 2 1]
 [0 0 0 0 2 1 2]] 

Time (classification) = 0.05128297899500467
----------------------------------------------------------------------

Correct classification rate (k = 5):
               precision    recall  f1-score   support

     exerc_1     0.0000    0.0000    0.0000         5
     exerc_2     0.2727    0.6000    0.3750         5
     exerc_3     0.4444    0.8000    0.5714         5
     exerc_4     0.0000    0.0000    0.0000         5
     exerc_5     0.4286    0.6000    0.5000         5
     exerc_6     0.4000    0.4000    0.4000         5
     exerc_7     0.5000    0.2000    0.2857         5

    accuracy                         0.3714        35
   macro avg     0.2922    0.3714    0.3046        35
weighted avg     0.2922    0.3714    0.3046        35


Confusion matrix (k = 5):
 [[0 3 0 0 1 1 0]
 [0 3 1 0 1 0 0]
 [0 1 4 0 0 0 0]
 [0 0 3 0 0 1 1]
 [0 2 0 0 3 0 0]
 [0 1 1 0 1 2 0]
 [1 1 0 0 1 1 1]] 

Time (classification) = 0.051076496005407535
----------------------------------------------------------------------

Correct classification rate (k = 7):
               precision    recall  f1-score   support

     exerc_1     0.3333    0.2000    0.2500         5
     exerc_2     0.1765    0.6000    0.2727         5
     exerc_3     0.0000    0.0000    0.0000         5
     exerc_4     1.0000    0.2000    0.3333         5
     exerc_5     0.5000    0.4000    0.4444         5
     exerc_6     0.0000    0.0000    0.0000         5
     exerc_7     0.3333    0.2000    0.2500         5

    accuracy                         0.2286        35
   macro avg     0.3347    0.2286    0.2215        35
weighted avg     0.3347    0.2286    0.2215        35


Confusion matrix (k = 7):
 [[1 2 1 0 0 0 1]
 [0 3 1 0 1 0 0]
 [0 4 0 0 0 1 0]
 [0 3 0 1 0 1 0]
 [1 1 1 0 2 0 0]
 [0 4 0 0 0 0 1]
 [1 0 0 0 1 2 1]] 

Time (classification) = 0.05088242600322701
----------------------------------------------------------------------

METHOD: fastdtw
Correct classification rate (k = 1):
               precision    recall  f1-score   support

     exerc_1     1.0000    0.2000    0.3333         5
     exerc_2     0.1111    0.2000    0.1429         5
     exerc_3     1.0000    0.8000    0.8889         5
     exerc_4     1.0000    0.6000    0.7500         5
     exerc_5     1.0000    0.6000    0.7500         5
     exerc_6     0.1111    0.2000    0.1429         5
     exerc_7     0.6667    0.8000    0.7273         5

    accuracy                         0.4857        35
   macro avg     0.6984    0.4857    0.5336        35
weighted avg     0.6984    0.4857    0.5336        35


Confusion matrix (k = 1):
 [[1 2 0 0 0 2 0]
 [0 1 0 0 0 3 1]
 [0 1 4 0 0 0 0]
 [0 0 0 3 0 2 0]
 [0 2 0 0 3 0 0]
 [0 3 0 0 0 1 1]
 [0 0 0 0 0 1 4]] 

Time (classification) = 67.23448795700097
----------------------------------------------------------------------

Correct classification rate (k = 3):
               precision    recall  f1-score   support

     exerc_1     0.0000    0.0000    0.0000         5
     exerc_2     0.1000    0.2000    0.1333         5
     exerc_3     0.6667    0.8000    0.7273         5
     exerc_4     1.0000    0.2000    0.3333         5
     exerc_5     1.0000    0.6000    0.7500         5
     exerc_6     0.1250    0.2000    0.1538         5
     exerc_7     0.5714    0.8000    0.6667         5

    accuracy                         0.4000        35
   macro avg     0.4947    0.4000    0.3949        35
weighted avg     0.4947    0.4000    0.3949        35


Confusion matrix (k = 3):
 [[0 2 0 0 0 2 1]
 [0 1 0 0 0 3 1]
 [0 1 4 0 0 0 0]
 [0 1 2 1 0 1 0]
 [0 2 0 0 3 0 0]
 [0 3 0 0 0 1 1]
 [0 0 0 0 0 1 4]] 

Time (classification) = 67.35885231100838
----------------------------------------------------------------------

Correct classification rate (k = 5):
               precision    recall  f1-score   support

     exerc_1     0.0000    0.0000    0.0000         5
     exerc_2     0.0909    0.2000    0.1250         5
     exerc_3     1.0000    0.4000    0.5714         5
     exerc_4     0.5000    0.2000    0.2857         5
     exerc_5     1.0000    0.4000    0.5714         5
     exerc_6     0.2000    0.4000    0.2667         5
     exerc_7     0.3333    0.4000    0.3636         5

    accuracy                         0.2857        35
   macro avg     0.4463    0.2857    0.3120        35
weighted avg     0.4463    0.2857    0.3120        35


Confusion matrix (k = 5):
 [[0 3 0 0 0 1 1]
 [0 1 0 0 0 3 1]
 [0 1 2 1 0 1 0]
 [0 1 0 1 0 3 0]
 [0 2 0 0 2 0 1]
 [0 2 0 0 0 2 1]
 [2 1 0 0 0 0 2]] 

Time (classification) = 67.14384867400804
----------------------------------------------------------------------

Correct classification rate (k = 7):
               precision    recall  f1-score   support

     exerc_1     0.1667    0.2000    0.1818         5
     exerc_2     0.0909    0.2000    0.1250         5
     exerc_3     1.0000    0.2000    0.3333         5
     exerc_4     0.0000    0.0000    0.0000         5
     exerc_5     1.0000    0.4000    0.5714         5
     exerc_6     0.2500    0.4000    0.3077         5
     exerc_7     0.0000    0.0000    0.0000         5

    accuracy                         0.2000        35
   macro avg     0.3582    0.2000    0.2170        35
weighted avg     0.3582    0.2000    0.2170        35


Confusion matrix (k = 7):
 [[1 1 0 1 0 1 1]
 [1 1 0 0 0 2 1]
 [1 0 1 1 0 2 0]
 [0 3 0 0 0 1 1]
 [0 1 0 0 2 0 2]
 [1 2 0 0 0 2 0]
 [2 3 0 0 0 0 0]] 

Time (classification) = 67.43980423100584
----------------------------------------------------------------------

CLUSTERS / CLASS: 3 

Time (clustering) = 3.2348206500028027
METHOD: euclidean
Correct classification rate (k = 1):
               precision    recall  f1-score   support

     exerc_1     0.3333    0.2000    0.2500         5
     exerc_2     0.3000    0.6000    0.4000         5
     exerc_3     0.8000    0.8000    0.8000         5
     exerc_4     0.0000    0.0000    0.0000         5
     exerc_5     0.6000    0.6000    0.6000         5
     exerc_6     0.2857    0.4000    0.3333         5
     exerc_7     0.6667    0.4000    0.5000         5

    accuracy                         0.4286        35
   macro avg     0.4265    0.4286    0.4119        35
weighted avg     0.4265    0.4286    0.4119        35


Confusion matrix (k = 1):
 [[1 3 0 0 0 1 0]
 [0 3 1 0 1 0 0]
 [0 1 4 0 0 0 0]
 [1 1 0 0 0 2 1]
 [0 1 0 0 3 1 0]
 [1 1 0 1 0 2 0]
 [0 0 0 1 1 1 2]] 

Time (classification) = 0.12625083500461187
----------------------------------------------------------------------

Correct classification rate (k = 3):
               precision    recall  f1-score   support

     exerc_1     0.2000    0.2000    0.2000         5
     exerc_2     0.3333    0.4000    0.3636         5
     exerc_3     0.7143    1.0000    0.8333         5
     exerc_4     0.0000    0.0000    0.0000         5
     exerc_5     0.4000    0.4000    0.4000         5
     exerc_6     0.2857    0.4000    0.3333         5
     exerc_7     0.7500    0.6000    0.6667         5

    accuracy                         0.4286        35
   macro avg     0.3833    0.4286    0.3996        35
weighted avg     0.3833    0.4286    0.3996        35


Confusion matrix (k = 3):
 [[1 2 0 0 1 1 0]
 [0 2 1 0 1 1 0]
 [0 0 5 0 0 0 0]
 [1 1 1 0 0 1 1]
 [2 0 0 0 2 1 0]
 [1 1 0 1 0 2 0]
 [0 0 0 0 1 1 3]] 

Time (classification) = 0.07276944899058435
----------------------------------------------------------------------

Correct classification rate (k = 5):
               precision    recall  f1-score   support

     exerc_1     0.1667    0.2000    0.1818         5
     exerc_2     0.4286    0.6000    0.5000         5
     exerc_3     0.5714    0.8000    0.6667         5
     exerc_4     0.0000    0.0000    0.0000         5
     exerc_5     0.4000    0.4000    0.4000         5
     exerc_6     0.3333    0.4000    0.3636         5
     exerc_7     0.6667    0.4000    0.5000         5

    accuracy                         0.4000        35
   macro avg     0.3667    0.4000    0.3732        35
weighted avg     0.3667    0.4000    0.3732        35


Confusion matrix (k = 5):
 [[1 2 0 0 1 1 0]
 [0 3 1 0 1 0 0]
 [0 0 4 1 0 0 0]
 [1 1 1 0 0 1 1]
 [2 0 0 0 2 1 0]
 [1 1 1 0 0 2 0]
 [1 0 0 0 1 1 2]] 

Time (classification) = 0.0778005390020553
----------------------------------------------------------------------

Correct classification rate (k = 7):
               precision    recall  f1-score   support

     exerc_1     0.1667    0.2000    0.1818         5
     exerc_2     0.7500    0.6000    0.6667         5
     exerc_3     0.5556    1.0000    0.7143         5
     exerc_4     0.0000    0.0000    0.0000         5
     exerc_5     0.5000    0.4000    0.4444         5
     exerc_6     0.5000    0.6000    0.5455         5
     exerc_7     0.7500    0.6000    0.6667         5

    accuracy                         0.4857        35
   macro avg     0.4603    0.4857    0.4599        35
weighted avg     0.4603    0.4857    0.4599        35


Confusion matrix (k = 7):
 [[1 1 0 1 1 1 0]
 [0 3 1 0 1 0 0]
 [0 0 5 0 0 0 0]
 [1 0 3 0 0 0 1]
 [2 0 0 0 2 1 0]
 [1 0 0 1 0 3 0]
 [1 0 0 0 0 1 3]] 

Time (classification) = 0.07794123000348918
----------------------------------------------------------------------

METHOD: fastdtw
Correct classification rate (k = 1):
               precision    recall  f1-score   support

     exerc_1     0.0000    0.0000    0.0000         5
     exerc_2     0.0000    0.0000    0.0000         5
     exerc_3     1.0000    0.8000    0.8889         5
     exerc_4     1.0000    0.6000    0.7500         5
     exerc_5     1.0000    0.6000    0.7500         5
     exerc_6     0.2222    0.8000    0.3478         5
     exerc_7     0.6667    0.8000    0.7273         5

    accuracy                         0.5143        35
   macro avg     0.5556    0.5143    0.4949        35
weighted avg     0.5556    0.5143    0.4949        35


Confusion matrix (k = 1):
 [[0 0 0 0 0 4 1]
 [0 0 0 0 0 4 1]
 [0 0 4 0 0 1 0]
 [0 0 0 3 0 2 0]
 [0 0 0 0 3 2 0]
 [0 1 0 0 0 4 0]
 [0 0 0 0 0 1 4]] 

Time (classification) = 100.79917486099293
----------------------------------------------------------------------

Correct classification rate (k = 3):
               precision    recall  f1-score   support

     exerc_1     0.0000    0.0000    0.0000         5
     exerc_2     0.0000    0.0000    0.0000         5
     exerc_3     1.0000    0.8000    0.8889         5
     exerc_4     1.0000    0.6000    0.7500         5
     exerc_5     1.0000    0.6000    0.7500         5
     exerc_6     0.2222    0.8000    0.3478         5
     exerc_7     0.5000    0.6000    0.5455         5

    accuracy                         0.4857        35
   macro avg     0.5317    0.4857    0.4689        35
weighted avg     0.5317    0.4857    0.4689        35


Confusion matrix (k = 3):
 [[0 0 0 0 0 4 1]
 [0 0 0 0 0 4 1]
 [0 0 4 0 0 1 0]
 [0 0 0 3 0 2 0]
 [0 0 0 0 3 2 0]
 [0 0 0 0 0 4 1]
 [0 1 0 0 0 1 3]] 

Time (classification) = 100.81603807600914
----------------------------------------------------------------------

Correct classification rate (k = 5):
               precision    recall  f1-score   support

     exerc_1     1.0000    0.2000    0.3333         5
     exerc_2     0.0000    0.0000    0.0000         5
     exerc_3     0.7500    0.6000    0.6667         5
     exerc_4     0.6667    0.4000    0.5000         5
     exerc_5     1.0000    0.4000    0.5714         5
     exerc_6     0.2222    0.8000    0.3478         5
     exerc_7     0.5714    0.8000    0.6667         5

    accuracy                         0.4571        35
   macro avg     0.6015    0.4571    0.4408        35
weighted avg     0.6015    0.4571    0.4408        35


Confusion matrix (k = 5):
 [[1 0 0 0 0 4 0]
 [0 0 0 0 0 4 1]
 [0 0 3 1 0 1 0]
 [0 0 1 2 0 2 0]
 [0 0 0 0 2 2 1]
 [0 0 0 0 0 4 1]
 [0 0 0 0 0 1 4]] 

Time (classification) = 100.80664439901011
----------------------------------------------------------------------

Correct classification rate (k = 7):
               precision    recall  f1-score   support

     exerc_1     0.0000    0.0000    0.0000         5
     exerc_2     0.0000    0.0000    0.0000         5
     exerc_3     0.8000    0.8000    0.8000         5
     exerc_4     1.0000    0.2000    0.3333         5
     exerc_5     1.0000    0.6000    0.7500         5
     exerc_6     0.1667    0.6000    0.2609         5
     exerc_7     0.5714    0.8000    0.6667         5

    accuracy                         0.4286        35
   macro avg     0.5054    0.4286    0.4016        35
weighted avg     0.5054    0.4286    0.4016        35


Confusion matrix (k = 7):
 [[0 0 0 0 0 4 1]
 [0 0 0 0 0 4 1]
 [0 0 4 0 0 1 0]
 [0 0 1 1 0 3 0]
 [0 0 0 0 3 2 0]
 [0 1 0 0 0 3 1]
 [0 0 0 0 0 1 4]] 

Time (classification) = 100.67753849198925
----------------------------------------------------------------------

CLUSTERS / CLASS: 4 

Time (clustering) = 3.471308213993325
METHOD: euclidean
Correct classification rate (k = 1):
               precision    recall  f1-score   support

     exerc_1     0.4000    0.4000    0.4000         5
     exerc_2     0.4000    0.8000    0.5333         5
     exerc_3     0.7500    0.6000    0.6667         5
     exerc_4     0.5000    0.2000    0.2857         5
     exerc_5     1.0000    0.4000    0.5714         5
     exerc_6     0.3750    0.6000    0.4615         5
     exerc_7     0.7500    0.6000    0.6667         5

    accuracy                         0.5143        35
   macro avg     0.5964    0.5143    0.5122        35
weighted avg     0.5964    0.5143    0.5122        35


Confusion matrix (k = 1):
 [[2 1 0 0 0 2 0]
 [0 4 0 0 0 1 0]
 [0 2 3 0 0 0 0]
 [0 2 1 1 0 0 1]
 [1 1 0 0 2 1 0]
 [1 0 0 1 0 3 0]
 [1 0 0 0 0 1 3]] 

Time (classification) = 0.14713235099043231
----------------------------------------------------------------------

Correct classification rate (k = 3):
               precision    recall  f1-score   support

     exerc_1     0.2500    0.2000    0.2222         5
     exerc_2     0.3333    0.6000    0.4286         5
     exerc_3     0.6667    0.8000    0.7273         5
     exerc_4     0.3333    0.2000    0.2500         5
     exerc_5     0.5000    0.4000    0.4444         5
     exerc_6     0.6000    0.6000    0.6000         5
     exerc_7     0.7500    0.6000    0.6667         5

    accuracy                         0.4857        35
   macro avg     0.4905    0.4857    0.4770        35
weighted avg     0.4905    0.4857    0.4770        35


Confusion matrix (k = 3):
 [[1 3 0 0 0 1 0]
 [0 3 1 0 1 0 0]
 [0 1 4 0 0 0 0]
 [1 1 1 1 0 0 1]
 [1 1 0 0 2 1 0]
 [1 0 0 1 0 3 0]
 [0 0 0 1 1 0 3]] 

Time (classification) = 0.09386047400766984
----------------------------------------------------------------------

Correct classification rate (k = 5):
               precision    recall  f1-score   support

     exerc_1     0.2500    0.2000    0.2222         5
     exerc_2     0.3750    0.6000    0.4615         5
     exerc_3     0.5714    0.8000    0.6667         5
     exerc_4     0.5000    0.2000    0.2857         5
     exerc_5     0.5000    0.4000    0.4444         5
     exerc_6     0.5000    0.6000    0.5455         5
     exerc_7     0.7500    0.6000    0.6667         5

    accuracy                         0.4857        35
   macro avg     0.4923    0.4857    0.4704        35
weighted avg     0.4923    0.4857    0.4704        35


Confusion matrix (k = 5):
 [[1 2 1 0 0 1 0]
 [0 3 1 0 1 0 0]
 [0 1 4 0 0 0 0]
 [1 1 1 1 0 0 1]
 [1 1 0 0 2 1 0]
 [1 0 0 1 0 3 0]
 [0 0 0 0 1 1 3]] 

Time (classification) = 0.09386521100532264
----------------------------------------------------------------------

Correct classification rate (k = 7):
               precision    recall  f1-score   support

     exerc_1     0.0000    0.0000    0.0000         5
     exerc_2     0.2222    0.4000    0.2857         5
     exerc_3     0.5000    0.8000    0.6154         5
     exerc_4     0.0000    0.0000    0.0000         5
     exerc_5     0.5000    0.6000    0.5455         5
     exerc_6     0.3333    0.4000    0.3636         5
     exerc_7     0.7500    0.6000    0.6667         5

    accuracy                         0.4000        35
   macro avg     0.3294    0.4000    0.3538        35
weighted avg     0.3294    0.4000    0.3538        35


Confusion matrix (k = 7):
 [[0 3 0 0 1 1 0]
 [0 2 1 0 1 1 0]
 [0 1 4 0 0 0 0]
 [1 0 3 0 0 0 1]
 [0 1 0 0 3 1 0]
 [1 2 0 0 0 2 0]
 [0 0 0 0 1 1 3]] 

Time (classification) = 0.10851525599719025
----------------------------------------------------------------------

METHOD: fastdtw
Correct classification rate (k = 1):
               precision    recall  f1-score   support

     exerc_1     1.0000    0.2000    0.3333         5
     exerc_2     0.0000    0.0000    0.0000         5
     exerc_3     1.0000    0.4000    0.5714         5
     exerc_4     0.5000    0.6000    0.5455         5
     exerc_5     1.0000    0.6000    0.7500         5
     exerc_6     0.1667    0.4000    0.2353         5
     exerc_7     0.5000    0.6000    0.5455         5

    accuracy                         0.4000        35
   macro avg     0.5952    0.4000    0.4259        35
weighted avg     0.5952    0.4000    0.4259        35


Confusion matrix (k = 1):
 [[1 1 0 0 0 2 1]
 [0 0 0 0 0 4 1]
 [0 0 2 3 0 0 0]
 [0 1 0 3 0 1 0]
 [0 0 0 0 3 2 0]
 [0 2 0 0 0 2 1]
 [0 1 0 0 0 1 3]] 

Time (classification) = 135.70598847699875
----------------------------------------------------------------------

Correct classification rate (k = 3):
               precision    recall  f1-score   support

     exerc_1     0.0000    0.0000    0.0000         5
     exerc_2     0.0000    0.0000    0.0000         5
     exerc_3     1.0000    0.8000    0.8889         5
     exerc_4     1.0000    0.6000    0.7500         5
     exerc_5     1.0000    0.6000    0.7500         5
     exerc_6     0.2222    0.8000    0.3478         5
     exerc_7     0.6000    0.6000    0.6000         5

    accuracy                         0.4857        35
   macro avg     0.5460    0.4857    0.4767        35
weighted avg     0.5460    0.4857    0.4767        35


Confusion matrix (k = 3):
 [[0 0 0 0 0 4 1]
 [0 0 0 0 0 4 1]
 [0 0 4 0 0 1 0]
 [0 0 0 3 0 2 0]
 [0 0 0 0 3 2 0]
 [1 0 0 0 0 4 0]
 [0 1 0 0 0 1 3]] 

Time (classification) = 135.8807705539948
----------------------------------------------------------------------

Correct classification rate (k = 5):
               precision    recall  f1-score   support

     exerc_1     0.0000    0.0000    0.0000         5
     exerc_2     0.0000    0.0000    0.0000         5
     exerc_3     1.0000    0.8000    0.8889         5
     exerc_4     1.0000    0.4000    0.5714         5
     exerc_5     1.0000    0.6000    0.7500         5
     exerc_6     0.2500    0.8000    0.3810         5
     exerc_7     0.5714    0.8000    0.6667         5

    accuracy                         0.4857        35
   macro avg     0.5459    0.4857    0.4654        35
weighted avg     0.5459    0.4857    0.4654        35


Confusion matrix (k = 5):
 [[0 2 0 0 0 2 1]
 [0 0 0 0 0 4 1]
 [0 0 4 0 0 1 0]
 [0 0 0 2 0 2 1]
 [0 0 0 0 3 2 0]
 [0 1 0 0 0 4 0]
 [0 0 0 0 0 1 4]] 

Time (classification) = 135.39917654299643
----------------------------------------------------------------------

Correct classification rate (k = 7):
               precision    recall  f1-score   support

     exerc_1     0.0000    0.0000    0.0000         5
     exerc_2     0.5000    0.2000    0.2857         5
     exerc_3     1.0000    0.8000    0.8889         5
     exerc_4     1.0000    0.4000    0.5714         5
     exerc_5     1.0000    0.6000    0.7500         5
     exerc_6     0.2353    0.8000    0.3636         5
     exerc_7     0.5714    0.8000    0.6667         5

    accuracy                         0.5143        35
   macro avg     0.6152    0.5143    0.5038        35
weighted avg     0.6152    0.5143    0.5038        35


Confusion matrix (k = 7):
 [[0 1 0 0 0 3 1]
 [0 1 0 0 0 3 1]
 [0 0 4 0 0 1 0]
 [0 0 0 2 0 3 0]
 [0 0 0 0 3 2 0]
 [0 0 0 0 0 4 1]
 [0 0 0 0 0 1 4]] 

Time (classification) = 135.75439536900376
----------------------------------------------------------------------

CLUSTERS / CLASS: 5 

Time (clustering) = 4.107984980000765
METHOD: euclidean
Correct classification rate (k = 1):
               precision    recall  f1-score   support

     exerc_1     0.4000    0.4000    0.4000         5
     exerc_2     0.4286    0.6000    0.5000         5
     exerc_3     0.6667    0.8000    0.7273         5
     exerc_4     0.7500    0.6000    0.6667         5
     exerc_5     0.6667    0.4000    0.5000         5
     exerc_6     0.4000    0.4000    0.4000         5
     exerc_7     0.6000    0.6000    0.6000         5

    accuracy                         0.5429        35
   macro avg     0.5588    0.5429    0.5420        35
weighted avg     0.5588    0.5429    0.5420        35


Confusion matrix (k = 1):
 [[2 2 0 0 0 1 0]
 [0 3 2 0 0 0 0]
 [0 1 4 0 0 0 0]
 [1 0 0 3 0 0 1]
 [2 0 0 0 2 1 0]
 [0 1 0 1 0 2 1]
 [0 0 0 0 1 1 3]] 

Time (classification) = 0.17293124001298565
----------------------------------------------------------------------

Correct classification rate (k = 3):
               precision    recall  f1-score   support

     exerc_1     0.3333    0.4000    0.3636         5
     exerc_2     0.3333    0.6000    0.4286         5
     exerc_3     0.8000    0.8000    0.8000         5
     exerc_4     0.5000    0.4000    0.4444         5
     exerc_5     0.5000    0.2000    0.2857         5
     exerc_6     0.5000    0.4000    0.4444         5
     exerc_7     0.8000    0.8000    0.8000         5

    accuracy                         0.5143        35
   macro avg     0.5381    0.5143    0.5095        35
weighted avg     0.5381    0.5143    0.5095        35


Confusion matrix (k = 3):
 [[2 2 0 0 0 1 0]
 [0 3 1 0 1 0 0]
 [0 1 4 0 0 0 0]
 [1 1 0 2 0 0 1]
 [2 1 0 0 1 1 0]
 [1 1 0 1 0 2 0]
 [0 0 0 1 0 0 4]] 

Time (classification) = 0.11656156799290329
----------------------------------------------------------------------

Correct classification rate (k = 5):
               precision    recall  f1-score   support

     exerc_1     0.4000    0.4000    0.4000         5
     exerc_2     0.2222    0.4000    0.2857         5
     exerc_3     0.6250    1.0000    0.7692         5
     exerc_4     0.0000    0.0000    0.0000         5
     exerc_5     0.5000    0.4000    0.4444         5
     exerc_6     0.2500    0.2000    0.2222         5
     exerc_7     0.7500    0.6000    0.6667         5

    accuracy                         0.4286        35
   macro avg     0.3925    0.4286    0.3983        35
weighted avg     0.3925    0.4286    0.3983        35


Confusion matrix (k = 5):
 [[2 3 0 0 0 0 0]
 [0 2 1 0 1 1 0]
 [0 0 5 0 0 0 0]
 [1 1 2 0 0 0 1]
 [1 1 0 0 2 1 0]
 [1 2 0 1 0 1 0]
 [0 0 0 0 1 1 3]] 

Time (classification) = 0.11513570100942161
----------------------------------------------------------------------

Correct classification rate (k = 7):
               precision    recall  f1-score   support

     exerc_1     0.4000    0.4000    0.4000         5
     exerc_2     0.3333    0.4000    0.3636         5
     exerc_3     0.5714    0.8000    0.6667         5
     exerc_4     0.0000    0.0000    0.0000         5
     exerc_5     0.5000    0.4000    0.4444         5
     exerc_6     0.3333    0.4000    0.3636         5
     exerc_7     0.7500    0.6000    0.6667         5

    accuracy                         0.4286        35
   macro avg     0.4126    0.4286    0.4150        35
weighted avg     0.4126    0.4286    0.4150        35


Confusion matrix (k = 7):
 [[2 2 0 0 0 1 0]
 [0 2 1 0 1 1 0]
 [0 0 4 1 0 0 0]
 [1 1 2 0 0 0 1]
 [2 0 0 0 2 1 0]
 [0 1 0 2 0 2 0]
 [0 0 0 0 1 1 3]] 

Time (classification) = 0.11495955199643504
----------------------------------------------------------------------

METHOD: fastdtw
Correct classification rate (k = 1):
               precision    recall  f1-score   support

     exerc_1     1.0000    0.6000    0.7500         5
     exerc_2     0.2500    0.2000    0.2222         5
     exerc_3     1.0000    0.2000    0.3333         5
     exerc_4     0.5000    0.6000    0.5455         5
     exerc_5     1.0000    0.6000    0.7500         5
     exerc_6     0.2500    0.6000    0.3529         5
     exerc_7     0.6667    0.8000    0.7273         5

    accuracy                         0.5143        35
   macro avg     0.6667    0.5143    0.5259        35
weighted avg     0.6667    0.5143    0.5259        35


Confusion matrix (k = 1):
 [[3 1 0 0 0 1 0]
 [0 1 0 0 0 2 2]
 [0 0 1 3 0 1 0]
 [0 0 0 3 0 2 0]
 [0 0 0 0 3 2 0]
 [0 2 0 0 0 3 0]
 [0 0 0 0 0 1 4]] 

Time (classification) = 168.5512283309945
----------------------------------------------------------------------

Correct classification rate (k = 3):
               precision    recall  f1-score   support

     exerc_1     0.0000    0.0000    0.0000         5
     exerc_2     0.2500    0.2000    0.2222         5
     exerc_3     1.0000    0.6000    0.7500         5
     exerc_4     1.0000    0.6000    0.7500         5
     exerc_5     1.0000    0.6000    0.7500         5
     exerc_6     0.2857    0.8000    0.4211         5
     exerc_7     0.4286    0.6000    0.5000         5

    accuracy                         0.4857        35
   macro avg     0.5663    0.4857    0.4848        35
weighted avg     0.5663    0.4857    0.4848        35


Confusion matrix (k = 3):
 [[0 1 0 0 0 3 1]
 [1 1 0 0 0 2 1]
 [0 1 3 0 0 1 0]
 [0 0 0 3 0 2 0]
 [0 0 0 0 3 1 1]
 [0 0 0 0 0 4 1]
 [0 1 0 0 0 1 3]] 

Time (classification) = 167.95121255300182
----------------------------------------------------------------------

Correct classification rate (k = 5):
               precision    recall  f1-score   support

     exerc_1     0.0000    0.0000    0.0000         5
     exerc_2     0.5000    0.2000    0.2857         5
     exerc_3     1.0000    0.8000    0.8889         5
     exerc_4     0.8000    0.8000    0.8000         5
     exerc_5     1.0000    0.6000    0.7500         5
     exerc_6     0.2857    0.8000    0.4211         5
     exerc_7     0.5000    0.4000    0.4444         5

    accuracy                         0.5143        35
   macro avg     0.5837    0.5143    0.5129        35
weighted avg     0.5837    0.5143    0.5129        35


Confusion matrix (k = 5):
 [[0 0 0 1 0 3 1]
 [1 1 0 0 0 3 0]
 [0 0 4 0 0 1 0]
 [0 1 0 4 0 0 0]
 [0 0 0 0 3 2 0]
 [0 0 0 0 0 4 1]
 [2 0 0 0 0 1 2]] 

Time (classification) = 168.01218026199786
----------------------------------------------------------------------

Correct classification rate (k = 7):
               precision    recall  f1-score   support

     exerc_1     0.0000    0.0000    0.0000         5
     exerc_2     0.0000    0.0000    0.0000         5
     exerc_3     1.0000    0.8000    0.8889         5
     exerc_4     0.7500    0.6000    0.6667         5
     exerc_5     1.0000    0.6000    0.7500         5
     exerc_6     0.2500    0.8000    0.3810         5
     exerc_7     0.6000    0.6000    0.6000         5

    accuracy                         0.4857        35
   macro avg     0.5143    0.4857    0.4695        35
weighted avg     0.5143    0.4857    0.4695        35


Confusion matrix (k = 7):
 [[0 1 0 1 0 2 1]
 [1 0 0 0 0 4 0]
 [0 0 4 0 0 1 0]
 [0 0 0 3 0 2 0]
 [0 0 0 0 3 2 0]
 [0 0 0 0 0 4 1]
 [1 0 0 0 0 1 3]] 

Time (classification) = 170.25338180499966
----------------------------------------------------------------------

