METHOD: manhattan
Correct classification rate (k = 1):
               precision    recall  f1-score   support

     exerc_1     0.4000    0.4000    0.4000         5
     exerc_2     0.5000    0.8000    0.6154         5
     exerc_3     0.5714    0.8000    0.6667         5
     exerc_4     0.0000    0.0000    0.0000         5
     exerc_5     1.0000    0.4000    0.5714         5
     exerc_6     0.7143    1.0000    0.8333         5
     exerc_7     0.6667    0.8000    0.7273         5

    accuracy                         0.6000        35
   macro avg     0.5503    0.6000    0.5449        35
weighted avg     0.5503    0.6000    0.5449        35


Confusion matrix (k = 1):
 [[2 2 0 0 0 0 1]
 [0 4 1 0 0 0 0]
 [0 1 4 0 0 0 0]
 [2 0 2 0 0 0 1]
 [1 0 0 0 2 2 0]
 [0 0 0 0 0 5 0]
 [0 1 0 0 0 0 4]] 

Time (classification) = 0.14873895701020956
----------------------------------------------------------------------

Correct classification rate (k = 3):
               precision    recall  f1-score   support

     exerc_1     0.2222    0.4000    0.2857         5
     exerc_2     0.5000    0.8000    0.6154         5
     exerc_3     0.7500    0.6000    0.6667         5
     exerc_4     0.0000    0.0000    0.0000         5
     exerc_5     1.0000    0.2000    0.3333         5
     exerc_6     0.5714    0.8000    0.6667         5
     exerc_7     0.6667    0.8000    0.7273         5

    accuracy                         0.5143        35
   macro avg     0.5300    0.5143    0.4707        35
weighted avg     0.5300    0.5143    0.4707        35


Confusion matrix (k = 3):
 [[2 2 0 0 0 1 0]
 [0 4 1 0 0 0 0]
 [1 1 3 0 0 0 0]
 [3 1 0 0 0 0 1]
 [2 0 0 0 1 1 1]
 [1 0 0 0 0 4 0]
 [0 0 0 0 0 1 4]] 

Time (classification) = 0.14357104297960177
----------------------------------------------------------------------

Correct classification rate (k = 5):
               precision    recall  f1-score   support

     exerc_1     0.2222    0.4000    0.2857         5
     exerc_2     0.5000    0.8000    0.6154         5
     exerc_3     0.6667    0.4000    0.5000         5
     exerc_4     1.0000    0.2000    0.3333         5
     exerc_5     1.0000    0.2000    0.3333         5
     exerc_6     0.5714    0.8000    0.6667         5
     exerc_7     0.6667    0.8000    0.7273         5

    accuracy                         0.5143        35
   macro avg     0.6610    0.5143    0.4945        35
weighted avg     0.6610    0.5143    0.4945        35


Confusion matrix (k = 5):
 [[2 2 0 0 0 1 0]
 [0 4 1 0 0 0 0]
 [2 1 2 0 0 0 0]
 [2 1 0 1 0 0 1]
 [2 0 0 0 1 1 1]
 [1 0 0 0 0 4 0]
 [0 0 0 0 0 1 4]] 

Time (classification) = 0.1404960539948661
----------------------------------------------------------------------

Correct classification rate (k = 7):
               precision    recall  f1-score   support

     exerc_1     0.1429    0.2000    0.1667         5
     exerc_2     0.5000    0.8000    0.6154         5
     exerc_3     0.6667    0.4000    0.5000         5
     exerc_4     1.0000    0.4000    0.5714         5
     exerc_5     1.0000    0.4000    0.5714         5
     exerc_6     0.3333    0.4000    0.3636         5
     exerc_7     0.5714    0.8000    0.6667         5

    accuracy                         0.4857        35
   macro avg     0.6020    0.4857    0.4936        35
weighted avg     0.6020    0.4857    0.4936        35


Confusion matrix (k = 7):
 [[1 3 0 0 0 1 0]
 [0 4 1 0 0 0 0]
 [2 1 2 0 0 0 0]
 [1 0 0 2 0 1 1]
 [2 0 0 0 2 1 0]
 [1 0 0 0 0 2 2]
 [0 0 0 0 0 1 4]] 

Time (classification) = 0.1464083470054902
----------------------------------------------------------------------

METHOD: euclidean
Correct classification rate (k = 1):
               precision    recall  f1-score   support

     exerc_1     0.2857    0.4000    0.3333         5
     exerc_2     0.5000    0.8000    0.6154         5
     exerc_3     0.6667    0.8000    0.7273         5
     exerc_4     0.0000    0.0000    0.0000         5
     exerc_5     1.0000    0.2000    0.3333         5
     exerc_6     0.6000    0.6000    0.6000         5
     exerc_7     0.5000    0.8000    0.6154         5

    accuracy                         0.5143        35
   macro avg     0.5075    0.5143    0.4607        35
weighted avg     0.5075    0.5143    0.4607        35


Confusion matrix (k = 1):
 [[2 2 0 0 0 0 1]
 [0 4 1 0 0 0 0]
 [1 0 4 0 0 0 0]
 [3 0 1 0 0 0 1]
 [1 0 0 0 1 2 1]
 [0 1 0 0 0 3 1]
 [0 1 0 0 0 0 4]] 

Time (classification) = 0.1985333150078077
----------------------------------------------------------------------

Correct classification rate (k = 3):
               precision    recall  f1-score   support

     exerc_1     0.1429    0.2000    0.1667         5
     exerc_2     0.4444    0.8000    0.5714         5
     exerc_3     0.7500    0.6000    0.6667         5
     exerc_4     0.0000    0.0000    0.0000         5
     exerc_5     1.0000    0.2000    0.3333         5
     exerc_6     0.2857    0.4000    0.3333         5
     exerc_7     0.5714    0.8000    0.6667         5

    accuracy                         0.4286        35
   macro avg     0.4563    0.4286    0.3912        35
weighted avg     0.4563    0.4286    0.3912        35


Confusion matrix (k = 3):
 [[1 3 0 0 0 1 0]
 [0 4 1 0 0 0 0]
 [1 1 3 0 0 0 0]
 [3 1 0 0 0 0 1]
 [1 0 0 0 1 3 0]
 [1 0 0 0 0 2 2]
 [0 0 0 0 0 1 4]] 

Time (classification) = 0.24344249398563989
----------------------------------------------------------------------

Correct classification rate (k = 5):
               precision    recall  f1-score   support

     exerc_1     0.1111    0.2000    0.1429         5
     exerc_2     0.4000    0.8000    0.5333         5
     exerc_3     0.6667    0.4000    0.5000         5
     exerc_4     0.0000    0.0000    0.0000         5
     exerc_5     1.0000    0.2000    0.3333         5
     exerc_6     0.5714    0.8000    0.6667         5
     exerc_7     0.6000    0.6000    0.6000         5

    accuracy                         0.4286        35
   macro avg     0.4785    0.4286    0.3966        35
weighted avg     0.4785    0.4286    0.3966        35


Confusion matrix (k = 5):
 [[1 3 0 0 0 1 0]
 [0 4 1 0 0 0 0]
 [2 1 2 0 0 0 0]
 [3 1 0 0 0 0 1]
 [2 0 0 0 1 1 1]
 [1 0 0 0 0 4 0]
 [0 1 0 0 0 1 3]] 

Time (classification) = 0.18939208801020868
----------------------------------------------------------------------

Correct classification rate (k = 7):
               precision    recall  f1-score   support

     exerc_1     0.0000    0.0000    0.0000         5
     exerc_2     0.4444    0.8000    0.5714         5
     exerc_3     0.8000    0.8000    0.8000         5
     exerc_4     1.0000    0.2000    0.3333         5
     exerc_5     1.0000    0.2000    0.3333         5
     exerc_6     0.3750    0.6000    0.4615         5
     exerc_7     0.6667    0.8000    0.7273         5

    accuracy                         0.4857        35
   macro avg     0.6123    0.4857    0.4610        35
weighted avg     0.6123    0.4857    0.4610        35


Confusion matrix (k = 7):
 [[0 3 0 0 0 2 0]
 [0 4 1 0 0 0 0]
 [0 1 4 0 0 0 0]
 [1 1 0 1 0 1 1]
 [3 0 0 0 1 1 0]
 [1 0 0 0 0 3 1]
 [0 0 0 0 0 1 4]] 

Time (classification) = 0.17274247901514173
----------------------------------------------------------------------

METHOD: cdtw_itakura
Correct classification rate (k = 1):
               precision    recall  f1-score   support

     exerc_1     0.5000    0.6000    0.5455         5
     exerc_2     0.5000    0.6000    0.5455         5
     exerc_3     0.6667    0.8000    0.7273         5
     exerc_4     0.7500    0.6000    0.6667         5
     exerc_5     1.0000    0.6000    0.7500         5
     exerc_6     0.5714    0.8000    0.6667         5
     exerc_7     0.6667    0.4000    0.5000         5

    accuracy                         0.6286        35
   macro avg     0.6650    0.6286    0.6288        35
weighted avg     0.6650    0.6286    0.6288        35


Confusion matrix (k = 1):
 [[3 1 0 0 0 0 1]
 [0 3 0 0 0 2 0]
 [0 0 4 1 0 0 0]
 [0 0 2 3 0 0 0]
 [1 1 0 0 3 0 0]
 [1 0 0 0 0 4 0]
 [1 1 0 0 0 1 2]] 

Time (classification) = 3.266928689001361
----------------------------------------------------------------------

Correct classification rate (k = 3):
               precision    recall  f1-score   support

     exerc_1     0.5000    0.4000    0.4444         5
     exerc_2     0.5000    0.8000    0.6154         5
     exerc_3     0.8000    0.8000    0.8000         5
     exerc_4     0.7500    0.6000    0.6667         5
     exerc_5     1.0000    0.6000    0.7500         5
     exerc_6     0.7143    1.0000    0.8333         5
     exerc_7     0.7500    0.6000    0.6667         5

    accuracy                         0.6857        35
   macro avg     0.7163    0.6857    0.6824        35
weighted avg     0.7163    0.6857    0.6824        35


Confusion matrix (k = 3):
 [[2 2 0 0 0 0 1]
 [0 4 1 0 0 0 0]
 [0 0 4 1 0 0 0]
 [1 1 0 3 0 0 0]
 [1 0 0 0 3 1 0]
 [0 0 0 0 0 5 0]
 [0 1 0 0 0 1 3]] 

Time (classification) = 2.8954262800107244
----------------------------------------------------------------------

Correct classification rate (k = 5):
               precision    recall  f1-score   support

     exerc_1     0.6667    0.4000    0.5000         5
     exerc_2     0.5000    0.8000    0.6154         5
     exerc_3     0.7500    0.6000    0.6667         5
     exerc_4     0.6000    0.6000    0.6000         5
     exerc_5     1.0000    0.6000    0.7500         5
     exerc_6     0.6250    1.0000    0.7692         5
     exerc_7     0.7500    0.6000    0.6667         5

    accuracy                         0.6571        35
   macro avg     0.6988    0.6571    0.6526        35
weighted avg     0.6988    0.6571    0.6526        35


Confusion matrix (k = 5):
 [[2 2 0 0 0 0 1]
 [0 4 1 0 0 0 0]
 [0 0 3 2 0 0 0]
 [1 0 0 3 0 1 0]
 [0 1 0 0 3 1 0]
 [0 0 0 0 0 5 0]
 [0 1 0 0 0 1 3]] 

Time (classification) = 2.33321431800141
----------------------------------------------------------------------

Correct classification rate (k = 7):
               precision    recall  f1-score   support

     exerc_1     0.6667    0.4000    0.5000         5
     exerc_2     0.5000    0.6000    0.5455         5
     exerc_3     0.5000    0.8000    0.6154         5
     exerc_4     0.6667    0.4000    0.5000         5
     exerc_5     1.0000    0.6000    0.7500         5
     exerc_6     0.6250    1.0000    0.7692         5
     exerc_7     0.5000    0.4000    0.4444         5

    accuracy                         0.6000        35
   macro avg     0.6369    0.6000    0.5892        35
weighted avg     0.6369    0.6000    0.5892        35


Confusion matrix (k = 7):
 [[2 1 1 0 0 0 1]
 [0 3 1 0 0 0 1]
 [0 0 4 1 0 0 0]
 [0 0 2 2 0 1 0]
 [1 0 0 0 3 1 0]
 [0 0 0 0 0 5 0]
 [0 2 0 0 0 1 2]] 

Time (classification) = 2.2933062090014573
----------------------------------------------------------------------

METHOD: fastdtw
Correct classification rate (k = 1):
               precision    recall  f1-score   support

     exerc_1     1.0000    0.6000    0.7500         5
     exerc_2     0.4444    0.8000    0.5714         5
     exerc_3     0.5714    0.8000    0.6667         5
     exerc_4     0.7500    0.6000    0.6667         5
     exerc_5     1.0000    0.6000    0.7500         5
     exerc_6     0.6667    0.8000    0.7273         5
     exerc_7     0.6667    0.4000    0.5000         5

    accuracy                         0.6571        35
   macro avg     0.7285    0.6571    0.6617        35
weighted avg     0.7285    0.6571    0.6617        35


Confusion matrix (k = 1):
 [[3 1 0 0 0 1 0]
 [0 4 1 0 0 0 0]
 [0 0 4 1 0 0 0]
 [0 0 2 3 0 0 0]
 [0 2 0 0 3 0 0]
 [0 0 0 0 0 4 1]
 [0 2 0 0 0 1 2]] 

Time (classification) = 479.203041130997
----------------------------------------------------------------------

Correct classification rate (k = 3):
               precision    recall  f1-score   support

     exerc_1     0.6000    0.6000    0.6000         5
     exerc_2     0.6667    0.8000    0.7273         5
     exerc_3     0.5714    0.8000    0.6667         5
     exerc_4     0.7500    0.6000    0.6667         5
     exerc_5     1.0000    0.8000    0.8889         5
     exerc_6     0.6000    0.6000    0.6000         5
     exerc_7     0.5000    0.4000    0.4444         5

    accuracy                         0.6571        35
   macro avg     0.6697    0.6571    0.6563        35
weighted avg     0.6697    0.6571    0.6563        35


Confusion matrix (k = 3):
 [[3 1 0 0 0 1 0]
 [0 4 1 0 0 0 0]
 [0 0 4 1 0 0 0]
 [0 0 2 3 0 0 0]
 [0 1 0 0 4 0 0]
 [0 0 0 0 0 3 2]
 [2 0 0 0 0 1 2]] 

Time (classification) = 460.5513492960017
----------------------------------------------------------------------

Correct classification rate (k = 5):
               precision    recall  f1-score   support

     exerc_1     0.3333    0.4000    0.3636         5
     exerc_2     0.6667    0.8000    0.7273         5
     exerc_3     0.6667    0.8000    0.7273         5
     exerc_4     1.0000    0.6000    0.7500         5
     exerc_5     1.0000    0.6000    0.7500         5
     exerc_6     0.7500    0.6000    0.6667         5
     exerc_7     0.5714    0.8000    0.6667         5

    accuracy                         0.6571        35
   macro avg     0.7126    0.6571    0.6645        35
weighted avg     0.7126    0.6571    0.6645        35


Confusion matrix (k = 5):
 [[2 1 1 0 0 0 1]
 [0 4 1 0 0 0 0]
 [1 0 4 0 0 0 0]
 [2 0 0 3 0 0 0]
 [0 1 0 0 3 0 1]
 [1 0 0 0 0 3 1]
 [0 0 0 0 0 1 4]] 

Time (classification) = 515.3985645039938
----------------------------------------------------------------------

Correct classification rate (k = 7):
               precision    recall  f1-score   support

     exerc_1     0.6000    0.6000    0.6000         5
     exerc_2     0.5714    0.8000    0.6667         5
     exerc_3     0.7143    1.0000    0.8333         5
     exerc_4     1.0000    0.6000    0.7500         5
     exerc_5     1.0000    0.8000    0.8889         5
     exerc_6     0.3333    0.4000    0.3636         5
     exerc_7     0.6667    0.4000    0.5000         5

    accuracy                         0.6571        35
   macro avg     0.6980    0.6571    0.6575        35
weighted avg     0.6980    0.6571    0.6575        35


Confusion matrix (k = 7):
 [[3 1 0 0 0 1 0]
 [0 4 1 0 0 0 0]
 [0 0 5 0 0 0 0]
 [0 0 1 3 0 1 0]
 [0 1 0 0 4 0 0]
 [2 0 0 0 0 2 1]
 [0 1 0 0 0 2 2]] 

Time (classification) = 742.0372697639978
----------------------------------------------------------------------

