METHOD: manhattan
Correct classification rate (k = 1):
               precision    recall  f1-score   support

     exerc_1     0.2500    0.3529    0.2927        17
     exerc_2     0.3103    0.5000    0.3830        18
     exerc_3     0.7778    0.4118    0.5385        17
     exerc_4     0.0000    0.0000    0.0000        19
     exerc_5     0.1667    0.0588    0.0870        17
     exerc_6     0.3333    0.2941    0.3125        17
     exerc_7     0.3333    0.7059    0.4528        17

    accuracy                         0.3279       122
   macro avg     0.3102    0.3319    0.2952       122
weighted avg     0.3051    0.3279    0.2911       122


Confusion matrix (k = 1):
 [[ 6  7  0  0  0  1  3]
 [ 1  9  0  0  2  2  4]
 [ 6  2  7  1  0  1  0]
 [ 6  3  2  0  0  2  6]
 [ 5  6  0  0  1  2  3]
 [ 0  2  0  0  2  5  8]
 [ 0  0  0  2  1  2 12]] 

Time (classification) = 0.033009581005899236
----------------------------------------------------------------------

Correct classification rate (k = 3):
               precision    recall  f1-score   support

     exerc_1     0.0000    0.0000    0.0000        17
     exerc_2     0.1250    0.1667    0.1429        18
     exerc_3     0.2857    0.2353    0.2581        17
     exerc_4     0.1250    0.1053    0.1143        19
     exerc_5     0.2174    0.2941    0.2500        17
     exerc_6     0.3333    0.1765    0.2308        17
     exerc_7     0.3684    0.4118    0.3889        17

    accuracy                         0.1967       122
   macro avg     0.2078    0.1985    0.1978       122
weighted avg     0.2058    0.1967    0.1960       122


Confusion matrix (k = 3):
 [[0 6 4 1 4 0 2]
 [6 3 0 0 4 1 4]
 [5 5 4 1 1 1 0]
 [5 3 2 2 2 3 2]
 [1 3 4 1 5 1 2]
 [0 4 0 3 5 3 2]
 [0 0 0 8 2 0 7]] 

Time (classification) = 0.0344023980142083
----------------------------------------------------------------------

Correct classification rate (k = 5):
               precision    recall  f1-score   support

     exerc_1     0.2308    0.1765    0.2000        17
     exerc_2     0.1250    0.1667    0.1429        18
     exerc_3     0.2000    0.1176    0.1481        17
     exerc_4     0.2500    0.2105    0.2286        19
     exerc_5     0.0769    0.1176    0.0930        17
     exerc_6     0.1667    0.1176    0.1379        17
     exerc_7     0.1905    0.2353    0.2105        17

    accuracy                         0.1639       122
   macro avg     0.1771    0.1631    0.1659       122
weighted avg     0.1779    0.1639    0.1667       122


Confusion matrix (k = 5):
 [[3 3 3 0 5 0 3]
 [3 3 2 2 2 2 4]
 [2 4 2 0 3 2 4]
 [3 1 1 4 6 2 2]
 [1 6 2 2 2 1 3]
 [1 5 0 4 4 2 1]
 [0 2 0 4 4 3 4]] 

Time (classification) = 0.0340987780073192
----------------------------------------------------------------------

Correct classification rate (k = 7):
               precision    recall  f1-score   support

     exerc_1     0.1053    0.1176    0.1111        17
     exerc_2     0.0909    0.0556    0.0690        18
     exerc_3     0.2500    0.2353    0.2424        17
     exerc_4     0.1429    0.1053    0.1212        19
     exerc_5     0.1765    0.1765    0.1765        17
     exerc_6     0.1053    0.1176    0.1111        17
     exerc_7     0.2308    0.3529    0.2791        17

    accuracy                         0.1639       122
   macro avg     0.1574    0.1658    0.1586       122
weighted avg     0.1566    0.1639    0.1573       122


Confusion matrix (k = 7):
 [[2 3 1 1 2 3 5]
 [4 1 4 1 3 2 3]
 [1 1 4 4 0 5 2]
 [2 4 2 2 3 4 2]
 [5 0 1 0 3 2 6]
 [3 1 1 4 4 2 2]
 [2 1 3 2 2 1 6]] 

Time (classification) = 0.032893085008254275
----------------------------------------------------------------------

METHOD: euclidean
Correct classification rate (k = 1):
               precision    recall  f1-score   support

     exerc_1     0.1667    0.1765    0.1714        17
     exerc_2     0.2581    0.4444    0.3265        18
     exerc_3     0.5833    0.4118    0.4828        17
     exerc_4     0.0000    0.0000    0.0000        19
     exerc_5     0.2000    0.0588    0.0909        17
     exerc_6     0.2941    0.2941    0.2941        17
     exerc_7     0.2432    0.5294    0.3333        17

    accuracy                         0.2705       122
   macro avg     0.2493    0.2736    0.2427       122
weighted avg     0.2453    0.2705    0.2394       122


Confusion matrix (k = 1):
 [[3 8 1 0 1 1 3]
 [2 8 0 0 0 4 4]
 [6 2 7 0 0 1 1]
 [3 4 4 0 0 2 6]
 [4 6 0 0 1 1 5]
 [0 3 0 0 0 5 9]
 [0 0 0 2 3 3 9]] 

Time (classification) = 0.03059372998541221
----------------------------------------------------------------------

Correct classification rate (k = 3):
               precision    recall  f1-score   support

     exerc_1     0.2667    0.2353    0.2500        17
     exerc_2     0.1818    0.2222    0.2000        18
     exerc_3     0.3333    0.2941    0.3125        17
     exerc_4     0.1333    0.1053    0.1176        19
     exerc_5     0.4000    0.3529    0.3750        17
     exerc_6     0.2000    0.1176    0.1481        17
     exerc_7     0.3333    0.5882    0.4255        17

    accuracy                         0.2705       122
   macro avg     0.2641    0.2737    0.2613       122
weighted avg     0.2613    0.2705    0.2584       122


Confusion matrix (k = 3):
 [[ 4  3  4  2  1  1  2]
 [ 1  4  2  2  1  3  5]
 [ 4  5  5  2  0  0  1]
 [ 3  6  1  2  2  1  4]
 [ 2  2  3  2  6  2  0]
 [ 1  2  0  1  3  2  8]
 [ 0  0  0  4  2  1 10]] 

Time (classification) = 0.057768933998886496
----------------------------------------------------------------------

Correct classification rate (k = 5):
               precision    recall  f1-score   support

     exerc_1     0.0909    0.0588    0.0714        17
     exerc_2     0.2000    0.3333    0.2500        18
     exerc_3     0.4167    0.2941    0.3448        17
     exerc_4     0.1429    0.1053    0.1212        19
     exerc_5     0.0455    0.0588    0.0513        17
     exerc_6     0.0000    0.0000    0.0000        17
     exerc_7     0.0800    0.1176    0.0952        17

    accuracy                         0.1393       122
   macro avg     0.1394    0.1383    0.1334       122
weighted avg     0.1400    0.1393    0.1342       122


Confusion matrix (k = 5):
 [[1 3 3 2 1 1 6]
 [2 6 0 0 3 2 5]
 [2 2 5 1 4 0 3]
 [2 5 3 2 3 2 2]
 [3 5 0 3 1 1 4]
 [1 5 1 3 4 0 3]
 [0 4 0 3 6 2 2]] 

Time (classification) = 0.10737993399379775
----------------------------------------------------------------------

Correct classification rate (k = 7):
               precision    recall  f1-score   support

     exerc_1     0.1765    0.1765    0.1765        17
     exerc_2     0.2667    0.2222    0.2424        18
     exerc_3     0.2105    0.2353    0.2222        17
     exerc_4     0.0000    0.0000    0.0000        19
     exerc_5     0.2609    0.3529    0.3000        17
     exerc_6     0.1667    0.1765    0.1714        17
     exerc_7     0.1176    0.1176    0.1176        17

    accuracy                         0.1803       122
   macro avg     0.1713    0.1830    0.1757       122
weighted avg     0.1692    0.1803    0.1734       122


Confusion matrix (k = 7):
 [[3 1 4 1 2 5 1]
 [3 4 3 1 4 1 2]
 [1 1 4 5 3 1 2]
 [5 2 1 0 2 3 6]
 [3 0 3 2 6 1 2]
 [2 4 2 1 3 3 2]
 [0 3 2 3 3 4 2]] 

Time (classification) = 0.12121637997915968
----------------------------------------------------------------------

METHOD: mse
Correct classification rate (k = 1):
               precision    recall  f1-score   support

     exerc_1     0.1667    0.1765    0.1714        17
     exerc_2     0.2581    0.4444    0.3265        18
     exerc_3     0.5833    0.4118    0.4828        17
     exerc_4     0.0000    0.0000    0.0000        19
     exerc_5     0.2000    0.0588    0.0909        17
     exerc_6     0.2941    0.2941    0.2941        17
     exerc_7     0.2432    0.5294    0.3333        17

    accuracy                         0.2705       122
   macro avg     0.2493    0.2736    0.2427       122
weighted avg     0.2453    0.2705    0.2394       122


Confusion matrix (k = 1):
 [[3 8 1 0 1 1 3]
 [2 8 0 0 0 4 4]
 [6 2 7 0 0 1 1]
 [3 4 4 0 0 2 6]
 [4 6 0 0 1 1 5]
 [0 3 0 0 0 5 9]
 [0 0 0 2 3 3 9]] 

Time (classification) = 0.5789655239786953
----------------------------------------------------------------------

Correct classification rate (k = 3):
               precision    recall  f1-score   support

     exerc_1     0.2222    0.2353    0.2286        17
     exerc_2     0.1200    0.1667    0.1395        18
     exerc_3     0.5000    0.3529    0.4138        17
     exerc_4     0.1111    0.1053    0.1081        19
     exerc_5     0.2143    0.1765    0.1935        17
     exerc_6     0.2857    0.2353    0.2581        17
     exerc_7     0.1429    0.1765    0.1579        17

    accuracy                         0.2049       122
   macro avg     0.2280    0.2069    0.2142       122
weighted avg     0.2252    0.2049    0.2119       122


Confusion matrix (k = 3):
 [[4 4 2 1 1 2 3]
 [4 3 1 3 3 3 1]
 [4 3 6 2 0 0 2]
 [3 7 1 2 1 1 4]
 [2 5 2 1 3 1 3]
 [1 3 0 2 2 4 5]
 [0 0 0 7 4 3 3]] 

Time (classification) = 0.23340154500328936
----------------------------------------------------------------------

Correct classification rate (k = 5):
               precision    recall  f1-score   support

     exerc_1     0.2500    0.2353    0.2424        17
     exerc_2     0.2000    0.2778    0.2326        18
     exerc_3     0.3750    0.1765    0.2400        17
     exerc_4     0.3333    0.2632    0.2941        19
     exerc_5     0.2083    0.2941    0.2439        17
     exerc_6     0.4444    0.2353    0.3077        17
     exerc_7     0.0400    0.0588    0.0476        17

    accuracy                         0.2213       122
   macro avg     0.2644    0.2201    0.2298       122
weighted avg     0.2650    0.2213    0.2308       122


Confusion matrix (k = 5):
 [[4 3 1 0 3 1 5]
 [3 5 3 2 2 0 3]
 [3 2 3 2 3 0 4]
 [2 1 1 5 4 0 6]
 [2 4 0 1 5 1 4]
 [2 5 0 3 1 4 2]
 [0 5 0 2 6 3 1]] 

Time (classification) = 0.15023507000296377
----------------------------------------------------------------------

Correct classification rate (k = 7):
               precision    recall  f1-score   support

     exerc_1     0.1364    0.1765    0.1538        17
     exerc_2     0.1875    0.1667    0.1765        18
     exerc_3     0.2273    0.2941    0.2564        17
     exerc_4     0.1333    0.1053    0.1176        19
     exerc_5     0.0870    0.1176    0.1000        17
     exerc_6     0.1538    0.1176    0.1333        17
     exerc_7     0.0000    0.0000    0.0000        17

    accuracy                         0.1393       122
   macro avg     0.1322    0.1397    0.1340       122
weighted avg     0.1327    0.1393    0.1340       122


Confusion matrix (k = 7):
 [[3 3 2 1 4 3 1]
 [3 3 3 4 3 1 1]
 [2 2 5 1 2 3 2]
 [3 0 4 2 5 1 4]
 [3 4 3 1 2 2 2]
 [3 2 3 3 3 2 1]
 [5 2 2 3 4 1 0]] 

Time (classification) = 0.15005207099602558
----------------------------------------------------------------------

METHOD: mae
Correct classification rate (k = 1):
               precision    recall  f1-score   support

     exerc_1     0.2500    0.3529    0.2927        17
     exerc_2     0.3103    0.5000    0.3830        18
     exerc_3     0.7778    0.4118    0.5385        17
     exerc_4     0.0000    0.0000    0.0000        19
     exerc_5     0.1667    0.0588    0.0870        17
     exerc_6     0.3333    0.2941    0.3125        17
     exerc_7     0.3333    0.7059    0.4528        17

    accuracy                         0.3279       122
   macro avg     0.3102    0.3319    0.2952       122
weighted avg     0.3051    0.3279    0.2911       122


Confusion matrix (k = 1):
 [[ 6  7  0  0  0  1  3]
 [ 1  9  0  0  2  2  4]
 [ 6  2  7  1  0  1  0]
 [ 6  3  2  0  0  2  6]
 [ 5  6  0  0  1  2  3]
 [ 0  2  0  0  2  5  8]
 [ 0  0  0  2  1  2 12]] 

Time (classification) = 0.13848105000215583
----------------------------------------------------------------------

Correct classification rate (k = 3):
               precision    recall  f1-score   support

     exerc_1     0.1429    0.1765    0.1579        17
     exerc_2     0.1875    0.1667    0.1765        18
     exerc_3     0.2500    0.2353    0.2424        17
     exerc_4     0.1111    0.1053    0.1081        19
     exerc_5     0.2778    0.2941    0.2857        17
     exerc_6     0.3000    0.1765    0.2222        17
     exerc_7     0.2174    0.2941    0.2500        17

    accuracy                         0.2049       122
   macro avg     0.2124    0.2069    0.2061       122
weighted avg     0.2105    0.2049    0.2043       122


Confusion matrix (k = 3):
 [[3 4 2 1 1 0 6]
 [3 3 3 2 4 2 1]
 [6 3 4 1 0 1 2]
 [4 1 5 2 2 3 2]
 [4 2 2 1 5 0 3]
 [1 2 0 2 5 3 4]
 [0 1 0 9 1 1 5]] 

Time (classification) = 0.1375560210144613
----------------------------------------------------------------------

Correct classification rate (k = 5):
               precision    recall  f1-score   support

     exerc_1     0.1250    0.0588    0.0800        17
     exerc_2     0.0476    0.0556    0.0513        18
     exerc_3     0.1176    0.1176    0.1176        17
     exerc_4     0.0833    0.0526    0.0645        19
     exerc_5     0.1667    0.1765    0.1714        17
     exerc_6     0.2353    0.2353    0.2353        17
     exerc_7     0.1034    0.1765    0.1304        17

    accuracy                         0.1230       122
   macro avg     0.1256    0.1247    0.1215       122
weighted avg     0.1242    0.1230    0.1200       122


Confusion matrix (k = 5):
 [[1 5 2 2 1 3 3]
 [0 1 7 0 3 0 7]
 [1 1 2 0 4 3 6]
 [2 3 2 1 5 2 4]
 [3 2 1 3 3 1 4]
 [1 6 2 2 0 4 2]
 [0 3 1 4 2 4 3]] 

Time (classification) = 0.13739731002715416
----------------------------------------------------------------------

Correct classification rate (k = 7):
               precision    recall  f1-score   support

     exerc_1     0.0952    0.1176    0.1053        17
     exerc_2     0.1250    0.0556    0.0769        18
     exerc_3     0.0714    0.0588    0.0645        17
     exerc_4     0.0909    0.1053    0.0976        19
     exerc_5     0.0500    0.0588    0.0541        17
     exerc_6     0.1304    0.1765    0.1500        17
     exerc_7     0.1429    0.1176    0.1290        17

    accuracy                         0.0984       122
   macro avg     0.1008    0.0986    0.0968       122
weighted avg     0.1009    0.0984    0.0966       122


Confusion matrix (k = 7):
 [[2 3 1 4 1 4 2]
 [5 1 1 2 5 4 0]
 [3 1 1 4 3 4 1]
 [3 1 3 2 4 2 4]
 [2 2 3 4 1 4 1]
 [3 0 2 4 1 3 4]
 [3 0 3 2 5 2 2]] 

Time (classification) = 0.1413317080005072
----------------------------------------------------------------------

METHOD: minkowski
Correct classification rate (k = 1):
               precision    recall  f1-score   support

     exerc_1     0.1818    0.1176    0.1429        17
     exerc_2     0.2414    0.3889    0.2979        18
     exerc_3     0.3889    0.4118    0.4000        17
     exerc_4     0.0000    0.0000    0.0000        19
     exerc_5     0.1111    0.0588    0.0769        17
     exerc_6     0.2500    0.2353    0.2424        17
     exerc_7     0.1622    0.3529    0.2222        17

    accuracy                         0.2213       122
   macro avg     0.1908    0.2236    0.1975       122
weighted avg     0.1881    0.2213    0.1951       122


Confusion matrix (k = 1):
 [[ 2  5  4  0  1  1  4]
 [ 2  7  0  0  0  5  4]
 [ 5  3  7  0  0  1  1]
 [ 2  7  3  0  2  1  4]
 [ 0  5  4  0  1  0  7]
 [ 0  2  0  0  0  4 11]
 [ 0  0  0  2  5  4  6]] 

Time (classification) = 0.06640186300501227
----------------------------------------------------------------------

Correct classification rate (k = 3):
               precision    recall  f1-score   support

     exerc_1     0.0625    0.0588    0.0606        17
     exerc_2     0.1200    0.1667    0.1395        18
     exerc_3     0.0769    0.0588    0.0667        17
     exerc_4     0.2308    0.1579    0.1875        19
     exerc_5     0.1000    0.1176    0.1081        17
     exerc_6     0.3077    0.2353    0.2667        17
     exerc_7     0.0909    0.1176    0.1026        17

    accuracy                         0.1311       122
   macro avg     0.1413    0.1304    0.1331       122
weighted avg     0.1425    0.1311    0.1340       122


Confusion matrix (k = 3):
 [[1 3 5 0 4 1 3]
 [2 3 3 2 2 4 2]
 [7 7 1 0 1 0 1]
 [4 8 1 3 1 0 2]
 [2 3 3 1 2 0 6]
 [0 1 0 2 4 4 6]
 [0 0 0 5 6 4 2]] 

Time (classification) = 0.05930648400681093
----------------------------------------------------------------------

Correct classification rate (k = 5):
               precision    recall  f1-score   support

     exerc_1     0.2222    0.1176    0.1538        17
     exerc_2     0.1333    0.2222    0.1667        18
     exerc_3     0.2000    0.1176    0.1481        17
     exerc_4     0.1111    0.0526    0.0714        19
     exerc_5     0.1852    0.2941    0.2273        17
     exerc_6     0.0667    0.0588    0.0625        17
     exerc_7     0.1818    0.2353    0.2051        17

    accuracy                         0.1557       122
   macro avg     0.1572    0.1569    0.1479       122
weighted avg     0.1562    0.1557    0.1468       122


Confusion matrix (k = 5):
 [[2 5 1 1 3 2 3]
 [1 4 3 3 2 2 3]
 [0 4 2 1 5 2 3]
 [4 3 2 1 2 3 4]
 [1 8 1 0 5 1 1]
 [1 2 1 1 7 1 4]
 [0 4 0 2 3 4 4]] 

Time (classification) = 0.06531482801074162
----------------------------------------------------------------------

Correct classification rate (k = 7):
               precision    recall  f1-score   support

     exerc_1     0.3529    0.3529    0.3529        17
     exerc_2     0.1667    0.1111    0.1333        18
     exerc_3     0.2632    0.2941    0.2778        17
     exerc_4     0.1250    0.1579    0.1395        19
     exerc_5     0.1579    0.1765    0.1667        17
     exerc_6     0.1538    0.1176    0.1333        17
     exerc_7     0.0000    0.0000    0.0000        17

    accuracy                         0.1721       122
   macro avg     0.1742    0.1729    0.1719       122
weighted avg     0.1733    0.1721    0.1711       122


Confusion matrix (k = 7):
 [[6 2 2 3 1 2 1]
 [0 2 0 4 4 3 5]
 [2 1 5 3 2 0 4]
 [5 1 6 3 1 1 2]
 [0 3 3 2 3 3 3]
 [2 1 1 3 5 2 3]
 [2 2 2 6 3 2 0]] 

Time (classification) = 0.07068912099930458
----------------------------------------------------------------------

METHOD: fastdtw
Correct classification rate (k = 1):
               precision    recall  f1-score   support

     exerc_1     0.3333    0.1176    0.1739        17
     exerc_2     0.2857    0.2222    0.2500        18
     exerc_3     0.8750    0.8235    0.8485        17
     exerc_4     0.9167    0.5789    0.7097        19
     exerc_5     0.9000    0.5294    0.6667        17
     exerc_6     0.3929    0.6471    0.4889        17
     exerc_7     0.2778    0.5882    0.3774        17

    accuracy                         0.5000       122
   macro avg     0.5688    0.5010    0.5021       122
weighted avg     0.5721    0.5000    0.5035       122


Confusion matrix (k = 1):
 [[ 2  3  1  0  0  3  8]
 [ 0  4  0  0  0  4 10]
 [ 0  0 14  1  0  2  0]
 [ 0  0  1 11  0  5  2]
 [ 4  3  0  0  9  1  0]
 [ 0  0  0  0  0 11  6]
 [ 0  4  0  0  1  2 10]] 

Time (classification) = 124.67328494199319
----------------------------------------------------------------------

Correct classification rate (k = 3):
               precision    recall  f1-score   support

     exerc_1     0.1667    0.0588    0.0870        17
     exerc_2     0.2500    0.2222    0.2353        18
     exerc_3     0.6429    0.5294    0.5806        17
     exerc_4     0.6250    0.2632    0.3704        19
     exerc_5     0.3182    0.4118    0.3590        17
     exerc_6     0.2857    0.3529    0.3158        17
     exerc_7     0.2286    0.4706    0.3077        17

    accuracy                         0.3279       122
   macro avg     0.3596    0.3298    0.3222       122
weighted avg     0.3630    0.3279    0.3223       122


Confusion matrix (k = 3):
 [[1 3 0 0 4 2 7]
 [0 4 0 0 2 5 7]
 [0 0 9 3 0 2 3]
 [0 0 5 5 0 3 6]
 [4 4 0 0 7 1 1]
 [0 2 0 0 6 6 3]
 [1 3 0 0 3 2 8]] 

Time (classification) = 124.36571882199496
----------------------------------------------------------------------

Correct classification rate (k = 5):
               precision    recall  f1-score   support

     exerc_1     0.4000    0.2353    0.2963        17
     exerc_2     0.0556    0.0556    0.0556        18
     exerc_3     0.6000    0.1765    0.2727        17
     exerc_4     0.1111    0.1579    0.1304        19
     exerc_5     0.2174    0.2941    0.2500        17
     exerc_6     0.2222    0.2353    0.2286        17
     exerc_7     0.1429    0.1765    0.1579        17

    accuracy                         0.1885       122
   macro avg     0.2499    0.1902    0.1988       122
weighted avg     0.2460    0.1885    0.1965       122


Confusion matrix (k = 5):
 [[4 5 0 3 2 0 3]
 [0 1 0 3 6 3 5]
 [0 2 3 5 3 4 0]
 [3 3 1 3 2 2 5]
 [3 3 1 4 5 1 0]
 [0 0 0 6 2 4 5]
 [0 4 0 3 3 4 3]] 

Time (classification) = 121.13126549698063
----------------------------------------------------------------------

Correct classification rate (k = 7):
               precision    recall  f1-score   support

     exerc_1     0.2143    0.1765    0.1935        17
     exerc_2     0.1304    0.1667    0.1463        18
     exerc_3     0.1667    0.1765    0.1714        17
     exerc_4     0.1579    0.1579    0.1579        19
     exerc_5     0.1250    0.1176    0.1212        17
     exerc_6     0.1053    0.1176    0.1111        17
     exerc_7     0.0000    0.0000    0.0000        17

    accuracy                         0.1311       122
   macro avg     0.1285    0.1304    0.1288       122
weighted avg     0.1290    0.1311    0.1294       122


Confusion matrix (k = 7):
 [[3 5 2 2 1 1 3]
 [3 3 2 3 1 4 2]
 [1 2 3 2 2 4 3]
 [1 5 2 3 3 2 3]
 [1 4 3 2 2 4 1]
 [2 3 4 2 3 2 1]
 [3 1 2 5 4 2 0]] 

Time (classification) = 121.13554402100272
----------------------------------------------------------------------

METHOD: cdtw_itakura
Correct classification rate (k = 1):
               precision    recall  f1-score   support

     exerc_1     0.4500    0.5294    0.4865        17
     exerc_2     0.3077    0.4444    0.3636        18
     exerc_3     0.7143    0.8824    0.7895        17
     exerc_4     0.8000    0.4211    0.5517        19
     exerc_5     0.8000    0.2353    0.3636        17
     exerc_6     0.5333    0.4706    0.5000        17
     exerc_7     0.3600    0.5294    0.4286        17

    accuracy                         0.5000       122
   macro avg     0.5665    0.5018    0.4976       122
weighted avg     0.5682    0.5000    0.4974       122


Confusion matrix (k = 1):
 [[ 9  3  0  0  0  1  4]
 [ 2  8  1  0  0  1  6]
 [ 1  0 15  1  0  0  0]
 [ 4  1  5  8  0  1  0]
 [ 4  7  0  0  4  1  1]
 [ 0  4  0  0  0  8  5]
 [ 0  3  0  1  1  3  9]] 

Time (classification) = 0.6165415290161036
----------------------------------------------------------------------

Correct classification rate (k = 3):
               precision    recall  f1-score   support

     exerc_1     0.2174    0.2941    0.2500        17
     exerc_2     0.1892    0.3889    0.2545        18
     exerc_3     0.5000    0.2941    0.3704        17
     exerc_4     0.1667    0.1053    0.1290        19
     exerc_5     0.4444    0.4706    0.4571        17
     exerc_6     0.4444    0.2353    0.3077        17
     exerc_7     0.3846    0.2941    0.3333        17

    accuracy                         0.2951       122
   macro avg     0.3353    0.2975    0.3003       122
weighted avg     0.3313    0.2951    0.2971       122


Confusion matrix (k = 3):
 [[5 4 0 1 4 0 3]
 [5 7 1 1 1 1 2]
 [7 2 5 2 0 1 0]
 [2 8 4 2 0 1 2]
 [3 6 0 0 8 0 0]
 [1 6 0 2 3 4 1]
 [0 4 0 4 2 2 5]] 

Time (classification) = 0.6131419189914595
----------------------------------------------------------------------

Correct classification rate (k = 5):
               precision    recall  f1-score   support

     exerc_1     0.1667    0.1176    0.1379        17
     exerc_2     0.1154    0.1667    0.1364        18
     exerc_3     0.3333    0.1765    0.2308        17
     exerc_4     0.2381    0.2632    0.2500        19
     exerc_5     0.2000    0.2353    0.2162        17
     exerc_6     0.1429    0.1176    0.1290        17
     exerc_7     0.0500    0.0588    0.0541        17

    accuracy                         0.1639       122
   macro avg     0.1780    0.1622    0.1649       122
weighted avg     0.1785    0.1639    0.1661       122


Confusion matrix (k = 5):
 [[2 7 1 1 3 1 2]
 [0 3 2 1 4 5 3]
 [2 4 3 3 2 0 3]
 [1 5 3 5 0 2 3]
 [2 2 0 3 4 2 4]
 [4 1 0 2 4 2 4]
 [1 4 0 6 3 2 1]] 

Time (classification) = 0.6066978499875404
----------------------------------------------------------------------

Correct classification rate (k = 7):
               precision    recall  f1-score   support

     exerc_1     0.1667    0.1765    0.1714        17
     exerc_2     0.1875    0.1667    0.1765        18
     exerc_3     0.0500    0.0588    0.0541        17
     exerc_4     0.2353    0.2105    0.2222        19
     exerc_5     0.1667    0.1176    0.1379        17
     exerc_6     0.2000    0.2353    0.2162        17
     exerc_7     0.0000    0.0000    0.0000        17

    accuracy                         0.1393       122
   macro avg     0.1437    0.1379    0.1398       122
weighted avg     0.1456    0.1393    0.1414       122


Confusion matrix (k = 7):
 [[3 0 2 3 2 5 2]
 [6 3 5 2 0 1 1]
 [3 3 1 1 1 5 3]
 [1 1 2 4 2 2 7]
 [2 2 5 3 2 0 3]
 [2 3 1 2 2 4 3]
 [1 4 4 2 3 3 0]] 

Time (classification) = 0.6140392680244986
----------------------------------------------------------------------

METHOD: cdtw_sakoe_chiba
Correct classification rate (k = 1):
               precision    recall  f1-score   support

     exerc_1     0.2800    0.4118    0.3333        17
     exerc_2     0.3214    0.5000    0.3913        18
     exerc_3     0.7778    0.4118    0.5385        17
     exerc_4     0.0000    0.0000    0.0000        19
     exerc_5     0.2500    0.1176    0.1600        17
     exerc_6     0.3571    0.2941    0.3226        17
     exerc_7     0.3429    0.7059    0.4615        17

    accuracy                         0.3443       122
   macro avg     0.3327    0.3487    0.3153       122
weighted avg     0.3272    0.3443    0.3108       122


Confusion matrix (k = 1):
 [[ 7  6  0  0  0  1  3]
 [ 1  9  0  0  2  2  4]
 [ 6  2  7  1  0  1  0]
 [ 6  3  2  0  0  2  6]
 [ 5  6  0  0  2  1  3]
 [ 0  2  0  0  3  5  7]
 [ 0  0  0  2  1  2 12]] 

Time (classification) = 0.1546469269960653
----------------------------------------------------------------------

Correct classification rate (k = 3):
               precision    recall  f1-score   support

     exerc_1     0.1579    0.1765    0.1667        17
     exerc_2     0.2917    0.3889    0.3333        18
     exerc_3     0.4000    0.3529    0.3750        17
     exerc_4     0.0714    0.0526    0.0606        19
     exerc_5     0.1667    0.1765    0.1714        17
     exerc_6     0.3333    0.1765    0.2308        17
     exerc_7     0.3043    0.4118    0.3500        17

    accuracy                         0.2459       122
   macro avg     0.2465    0.2479    0.2411       122
weighted avg     0.2440    0.2459    0.2389       122


Confusion matrix (k = 3):
 [[3 3 3 1 3 1 3]
 [2 7 2 2 0 2 3]
 [4 4 6 2 0 1 0]
 [5 3 2 1 4 0 4]
 [3 5 2 2 3 0 2]
 [2 1 0 1 6 3 4]
 [0 1 0 5 2 2 7]] 

Time (classification) = 0.13251129601849243
----------------------------------------------------------------------

Correct classification rate (k = 5):
               precision    recall  f1-score   support

     exerc_1     0.2667    0.2353    0.2500        17
     exerc_2     0.1538    0.2222    0.1818        18
     exerc_3     0.3077    0.2353    0.2667        17
     exerc_4     0.1429    0.1053    0.1212        19
     exerc_5     0.3333    0.3529    0.3429        17
     exerc_6     0.2353    0.2353    0.2353        17
     exerc_7     0.1053    0.1176    0.1111        17

    accuracy                         0.2131       122
   macro avg     0.2207    0.2149    0.2156       122
weighted avg     0.2189    0.2131    0.2137       122


Confusion matrix (k = 5):
 [[4 5 3 1 1 0 3]
 [1 4 1 1 4 3 4]
 [1 3 4 1 2 2 4]
 [5 6 1 2 1 2 2]
 [2 1 3 2 6 1 2]
 [2 3 1 3 2 4 2]
 [0 4 0 4 2 5 2]] 

Time (classification) = 0.13769209198653698
----------------------------------------------------------------------

Correct classification rate (k = 7):
               precision    recall  f1-score   support

     exerc_1     0.1875    0.1765    0.1818        17
     exerc_2     0.1905    0.2222    0.2051        18
     exerc_3     0.2500    0.1765    0.2069        17
     exerc_4     0.1579    0.1579    0.1579        19
     exerc_5     0.1250    0.1176    0.1212        17
     exerc_6     0.1333    0.1176    0.1250        17
     exerc_7     0.3043    0.4118    0.3500        17

    accuracy                         0.1967       122
   macro avg     0.1927    0.1972    0.1926       122
weighted avg     0.1921    0.1967    0.1921       122


Confusion matrix (k = 7):
 [[3 1 1 5 2 1 4]
 [1 4 2 2 2 5 2]
 [4 3 3 2 2 1 2]
 [1 2 3 3 4 2 4]
 [4 2 2 2 2 2 3]
 [3 4 0 3 4 2 1]
 [0 5 1 2 0 2 7]] 

Time (classification) = 0.17100488700089045
----------------------------------------------------------------------

METHOD: lcss
Correct classification rate (k = 1):
               precision    recall  f1-score   support

     exerc_1     0.5000    0.3529    0.4138        17
     exerc_2     0.1667    0.2778    0.2083        18
     exerc_3     0.6000    0.5294    0.5625        17
     exerc_4     0.4706    0.4211    0.4444        19
     exerc_5     0.1111    0.1176    0.1143        17
     exerc_6     0.4000    0.2353    0.2963        17
     exerc_7     0.4000    0.4706    0.4324        17

    accuracy                         0.3443       122
   macro avg     0.3783    0.3435    0.3532       122
weighted avg     0.3781    0.3443    0.3535       122


Confusion matrix (k = 1):
 [[6 7 0 0 1 1 2]
 [1 5 2 0 7 0 3]
 [1 1 9 4 0 2 0]
 [1 2 4 8 3 1 0]
 [3 9 0 1 2 1 1]
 [0 2 0 1 4 4 6]
 [0 4 0 3 1 1 8]] 

Time (classification) = 7.928662507008994
----------------------------------------------------------------------

Correct classification rate (k = 3):
               precision    recall  f1-score   support

     exerc_1     0.0526    0.0588    0.0556        17
     exerc_2     0.1818    0.2222    0.2000        18
     exerc_3     0.2000    0.1765    0.1875        17
     exerc_4     0.2500    0.2632    0.2564        19
     exerc_5     0.1667    0.1765    0.1714        17
     exerc_6     0.3333    0.1176    0.1739        17
     exerc_7     0.0909    0.1176    0.1026        17

    accuracy                         0.1639       122
   macro avg     0.1822    0.1618    0.1639       122
weighted avg     0.1833    0.1639    0.1657       122


Confusion matrix (k = 3):
 [[1 4 3 1 3 1 4]
 [4 4 3 1 0 0 6]
 [5 3 3 1 0 2 3]
 [4 1 3 5 4 0 2]
 [4 3 2 3 3 1 1]
 [1 4 1 4 1 2 4]
 [0 3 0 5 7 0 2]] 

Time (classification) = 7.914254840987269
----------------------------------------------------------------------

Correct classification rate (k = 5):
               precision    recall  f1-score   support

     exerc_1     0.2308    0.1765    0.2000        17
     exerc_2     0.1364    0.1667    0.1500        18
     exerc_3     0.0556    0.0588    0.0571        17
     exerc_4     0.2727    0.3158    0.2927        19
     exerc_5     0.2500    0.2353    0.2424        17
     exerc_6     0.1000    0.0588    0.0741        17
     exerc_7     0.1429    0.1765    0.1579        17

    accuracy                         0.1721       122
   macro avg     0.1698    0.1698    0.1677       122
weighted avg     0.1712    0.1721    0.1696       122


Confusion matrix (k = 5):
 [[3 4 2 2 1 1 4]
 [2 3 5 0 5 0 3]
 [1 1 1 5 1 3 5]
 [2 4 3 6 0 0 4]
 [2 6 1 2 4 1 1]
 [2 2 4 5 2 1 1]
 [1 2 2 2 3 4 3]] 

Time (classification) = 7.8094672139850445
----------------------------------------------------------------------

Correct classification rate (k = 7):
               precision    recall  f1-score   support

     exerc_1     0.2258    0.4118    0.2917        17
     exerc_2     0.1765    0.1667    0.1714        18
     exerc_3     0.1818    0.1176    0.1429        17
     exerc_4     0.1667    0.1579    0.1622        19
     exerc_5     0.0588    0.0588    0.0588        17
     exerc_6     0.2667    0.2353    0.2500        17
     exerc_7     0.0769    0.0588    0.0667        17

    accuracy                         0.1721       122
   macro avg     0.1647    0.1724    0.1634       122
weighted avg     0.1649    0.1721    0.1634       122


Confusion matrix (k = 7):
 [[7 2 0 0 5 2 1]
 [2 3 4 5 0 1 3]
 [4 3 2 4 1 0 3]
 [5 2 0 3 3 4 2]
 [5 4 4 2 1 1 0]
 [5 0 0 2 3 4 3]
 [3 3 1 2 4 3 1]] 

Time (classification) = 7.969461616012268
----------------------------------------------------------------------

METHOD: edr
Correct classification rate (k = 1):
               precision    recall  f1-score   support

     exerc_1     0.3750    0.3529    0.3636        17
     exerc_2     0.2000    0.3333    0.2500        18
     exerc_3     0.6154    0.4706    0.5333        17
     exerc_4     0.5833    0.3684    0.4516        19
     exerc_5     0.1000    0.1176    0.1081        17
     exerc_6     0.4545    0.2941    0.3571        17
     exerc_7     0.4000    0.4706    0.4324        17

    accuracy                         0.3443       122
   macro avg     0.3898    0.3439    0.3566       122
weighted avg     0.3914    0.3443    0.3573       122


Confusion matrix (k = 1):
 [[6 7 0 0 1 1 2]
 [1 6 1 0 8 0 2]
 [3 0 8 2 0 3 1]
 [2 2 3 7 4 1 0]
 [3 9 1 1 2 0 1]
 [1 2 0 0 3 5 6]
 [0 4 0 2 2 1 8]] 

Time (classification) = 9.235842356021749
----------------------------------------------------------------------

Correct classification rate (k = 3):
               precision    recall  f1-score   support

     exerc_1     0.2500    0.2353    0.2424        17
     exerc_2     0.1500    0.1667    0.1579        18
     exerc_3     0.2500    0.2941    0.2703        17
     exerc_4     0.0833    0.0526    0.0645        19
     exerc_5     0.2083    0.2941    0.2439        17
     exerc_6     0.4286    0.1765    0.2500        17
     exerc_7     0.2174    0.2941    0.2500        17

    accuracy                         0.2131       122
   macro avg     0.2268    0.2162    0.2113       122
weighted avg     0.2238    0.2131    0.2084       122


Confusion matrix (k = 3):
 [[4 4 3 0 2 1 3]
 [0 3 5 1 5 0 4]
 [5 2 5 2 1 1 1]
 [5 2 3 1 4 1 3]
 [2 3 2 3 5 0 2]
 [0 2 1 2 4 3 5]
 [0 4 1 3 3 1 5]] 

Time (classification) = 9.024425245996099
----------------------------------------------------------------------

Correct classification rate (k = 5):
               precision    recall  f1-score   support

     exerc_1     0.1000    0.0588    0.0741        17
     exerc_2     0.1765    0.1667    0.1714        18
     exerc_3     0.2778    0.2941    0.2857        17
     exerc_4     0.3182    0.3684    0.3415        19
     exerc_5     0.1923    0.2941    0.2326        17
     exerc_6     0.1667    0.1176    0.1379        17
     exerc_7     0.0588    0.0588    0.0588        17

    accuracy                         0.1967       122
   macro avg     0.1843    0.1941    0.1860       122
weighted avg     0.1864    0.1967    0.1884       122


Confusion matrix (k = 5):
 [[1 3 2 3 4 0 4]
 [3 3 2 1 3 1 5]
 [0 3 5 1 2 3 3]
 [3 2 2 7 4 1 0]
 [2 3 0 4 5 2 1]
 [0 2 4 2 4 2 3]
 [1 1 3 4 4 3 1]] 

Time (classification) = 8.911665452993475
----------------------------------------------------------------------

Correct classification rate (k = 7):
               precision    recall  f1-score   support

     exerc_1     0.0556    0.0588    0.0571        17
     exerc_2     0.0833    0.0556    0.0667        18
     exerc_3     0.1818    0.1176    0.1429        17
     exerc_4     0.2143    0.3158    0.2553        19
     exerc_5     0.1111    0.1176    0.1143        17
     exerc_6     0.2000    0.1765    0.1875        17
     exerc_7     0.1500    0.1765    0.1622        17

    accuracy                         0.1475       122
   macro avg     0.1423    0.1455    0.1408       122
weighted avg     0.1430    0.1475    0.1421       122


Confusion matrix (k = 7):
 [[1 2 0 5 4 3 2]
 [5 1 1 4 1 0 6]
 [2 1 2 4 2 3 3]
 [2 3 2 6 3 1 2]
 [1 3 1 4 2 4 2]
 [5 0 2 3 2 3 2]
 [2 2 3 2 4 1 3]] 

Time (classification) = 8.789776416990208
----------------------------------------------------------------------

METHOD: mjc
Correct classification rate (k = 1):
               precision    recall  f1-score   support

     exerc_1     0.2105    0.2353    0.2222        17
     exerc_2     0.0556    0.0556    0.0556        18
     exerc_3     0.0000    0.0000    0.0000        17
     exerc_4     0.1290    0.2105    0.1600        19
     exerc_5     0.1111    0.0588    0.0769        17
     exerc_6     0.0000    0.0000    0.0000        17
     exerc_7     0.2381    0.2941    0.2632        17

    accuracy                         0.1230       122
   macro avg     0.1063    0.1220    0.1111       122
weighted avg     0.1063    0.1230    0.1115       122


Confusion matrix (k = 1):
 [[4 3 2 5 1 1 1]
 [4 1 3 3 1 2 4]
 [5 0 0 3 3 3 3]
 [3 2 1 4 0 5 4]
 [1 3 2 7 1 1 2]
 [2 7 1 3 2 0 2]
 [0 2 2 6 1 1 5]] 

Time (classification) = 5.2384564869862515
----------------------------------------------------------------------

Correct classification rate (k = 3):
               precision    recall  f1-score   support

     exerc_1     0.1333    0.1176    0.1250        17
     exerc_2     0.1667    0.2222    0.1905        18
     exerc_3     0.1875    0.1765    0.1818        17
     exerc_4     0.1500    0.1579    0.1538        19
     exerc_5     0.1176    0.1176    0.1176        17
     exerc_6     0.0667    0.0588    0.0625        17
     exerc_7     0.1333    0.1176    0.1250        17

    accuracy                         0.1393       122
   macro avg     0.1364    0.1383    0.1366       122
weighted avg     0.1369    0.1393    0.1373       122


Confusion matrix (k = 3):
 [[2 5 3 3 1 3 0]
 [1 4 1 4 2 3 3]
 [1 1 3 2 4 3 3]
 [5 2 2 3 3 3 1]
 [2 3 3 2 2 2 3]
 [2 5 1 3 2 1 3]
 [2 4 3 3 3 0 2]] 

Time (classification) = 5.271037444996182
----------------------------------------------------------------------

Correct classification rate (k = 5):
               precision    recall  f1-score   support

     exerc_1     0.1111    0.0588    0.0769        17
     exerc_2     0.0952    0.1111    0.1026        18
     exerc_3     0.1111    0.0588    0.0769        17
     exerc_4     0.1481    0.2105    0.1739        19
     exerc_5     0.1053    0.1176    0.1111        17
     exerc_6     0.1600    0.2353    0.1905        17
     exerc_7     0.1667    0.1176    0.1379        17

    accuracy                         0.1311       122
   macro avg     0.1282    0.1300    0.1243       122
weighted avg     0.1283    0.1311    0.1249       122


Confusion matrix (k = 5):
 [[1 4 0 2 2 6 2]
 [0 2 3 6 5 0 2]
 [1 8 1 4 0 1 2]
 [1 2 2 4 4 6 0]
 [2 3 0 6 2 2 2]
 [2 2 1 3 3 4 2]
 [2 0 2 2 3 6 2]] 

Time (classification) = 5.231360222998774
----------------------------------------------------------------------

Correct classification rate (k = 7):
               precision    recall  f1-score   support

     exerc_1     0.2143    0.1765    0.1935        17
     exerc_2     0.1579    0.1667    0.1622        18
     exerc_3     0.2308    0.1765    0.2000        17
     exerc_4     0.1765    0.1579    0.1667        19
     exerc_5     0.2273    0.2941    0.2564        17
     exerc_6     0.1765    0.1765    0.1765        17
     exerc_7     0.0500    0.0588    0.0541        17

    accuracy                         0.1721       122
   macro avg     0.1762    0.1724    0.1728       122
weighted avg     0.1760    0.1721    0.1726       122


Confusion matrix (k = 7):
 [[3 3 0 5 1 2 3]
 [0 3 4 1 4 1 5]
 [3 1 3 0 5 2 3]
 [3 1 3 3 2 2 5]
 [3 3 0 2 5 1 3]
 [0 4 2 5 3 3 0]
 [2 4 1 1 2 6 1]] 

Time (classification) = 5.240939363982761
----------------------------------------------------------------------

METHOD: twed
Correct classification rate (k = 1):
               precision    recall  f1-score   support

     exerc_1     0.0000    0.0000    0.0000        17
     exerc_2     0.1458    0.3889    0.2121        18
     exerc_3     0.6667    0.2353    0.3478        17
     exerc_4     1.0000    0.2105    0.3478        19
     exerc_5     1.0000    0.0588    0.1111        17
     exerc_6     0.1892    0.4118    0.2593        17
     exerc_7     0.4231    0.6471    0.5116        17

    accuracy                         0.2787       122
   macro avg     0.4893    0.2789    0.2557       122
weighted avg     0.4948    0.2787    0.2568       122


Confusion matrix (k = 1):
 [[ 0 12  0  0  0  5  0]
 [ 0  7  0  0  0  7  4]
 [ 0  5  4  0  0  7  1]
 [ 0  3  2  4  0  7  3]
 [ 0 12  0  0  1  1  3]
 [ 0  6  0  0  0  7  4]
 [ 0  3  0  0  0  3 11]] 

Time (classification) = 590.1312998830108
----------------------------------------------------------------------

Correct classification rate (k = 3):
               precision    recall  f1-score   support

     exerc_1     0.3333    0.0588    0.1000        17
     exerc_2     0.2500    0.4444    0.3200        18
     exerc_3     0.5556    0.2941    0.3846        17
     exerc_4     0.6667    0.1053    0.1818        19
     exerc_5     1.0000    0.1176    0.2105        17
     exerc_6     0.1818    0.4706    0.2623        17
     exerc_7     0.2414    0.4118    0.3043        17

    accuracy                         0.2705       122
   macro avg     0.4613    0.2718    0.2519       122
weighted avg     0.4629    0.2705    0.2514       122


Confusion matrix (k = 3):
 [[1 6 1 0 0 3 6]
 [0 8 0 0 0 8 2]
 [0 3 5 1 0 7 1]
 [0 2 3 2 0 7 5]
 [2 3 0 0 2 5 5]
 [0 6 0 0 0 8 3]
 [0 4 0 0 0 6 7]] 

Time (classification) = 545.7612286020012
----------------------------------------------------------------------

Correct classification rate (k = 5):
               precision    recall  f1-score   support

     exerc_1     0.0000    0.0000    0.0000        17
     exerc_2     0.1071    0.1667    0.1304        18
     exerc_3     0.1667    0.1176    0.1379        17
     exerc_4     0.3333    0.2105    0.2581        19
     exerc_5     0.2727    0.1765    0.2143        17
     exerc_6     0.0833    0.1176    0.0976        17
     exerc_7     0.1071    0.1765    0.1333        17

    accuracy                         0.1393       122
   macro avg     0.1529    0.1379    0.1388       122
weighted avg     0.1555    0.1393    0.1407       122


Confusion matrix (k = 5):
 [[0 6 3 0 0 4 4]
 [0 3 3 2 0 5 5]
 [2 2 2 1 1 4 5]
 [1 4 2 4 0 4 4]
 [4 3 0 0 3 4 3]
 [0 5 1 2 3 2 4]
 [0 5 1 3 4 1 3]] 

Time (classification) = 544.3141861069889
----------------------------------------------------------------------

Correct classification rate (k = 7):
               precision    recall  f1-score   support

     exerc_1     0.0370    0.0588    0.0455        17
     exerc_2     0.1579    0.1667    0.1622        18
     exerc_3     0.1429    0.1176    0.1290        17
     exerc_4     0.2143    0.1579    0.1818        19
     exerc_5     0.0625    0.0588    0.0606        17
     exerc_6     0.1429    0.1176    0.1290        17
     exerc_7     0.0556    0.0588    0.0571        17

    accuracy                         0.1066       122
   macro avg     0.1161    0.1052    0.1093       122
weighted avg     0.1181    0.1066    0.1109       122


Confusion matrix (k = 7):
 [[1 1 3 5 0 3 4]
 [6 3 2 0 3 1 3]
 [3 4 2 0 2 2 4]
 [5 1 2 3 3 2 3]
 [5 3 1 1 1 3 3]
 [5 3 3 1 3 2 0]
 [2 4 1 4 4 1 1]] 

Time (classification) = 544.0066505100112
----------------------------------------------------------------------

METHOD: dtw
Correct classification rate (k = 1):
               precision    recall  f1-score   support

     exerc_1     0.4000    0.1176    0.1818        17
     exerc_2     0.2857    0.2222    0.2500        18
     exerc_3     0.9231    0.7059    0.8000        17
     exerc_4     0.8000    0.6316    0.7059        19
     exerc_5     0.9091    0.5882    0.7143        17
     exerc_6     0.3125    0.5882    0.4082        17
     exerc_7     0.3125    0.5882    0.4082        17

    accuracy                         0.4918       122
   macro avg     0.5633    0.4917    0.4955       122
weighted avg     0.5649    0.4918    0.4969       122


Confusion matrix (k = 1):
 [[ 2  2  1  0  0  4  8]
 [ 0  4  0  0  0  8  6]
 [ 0  0 12  3  0  2  0]
 [ 0  0  0 12  0  6  1]
 [ 3  4  0  0 10  0  0]
 [ 0  0  0  0  0 10  7]
 [ 0  4  0  0  1  2 10]] 

Time (classification) = 1584.0846255249926
----------------------------------------------------------------------

Correct classification rate (k = 3):
               precision    recall  f1-score   support

     exerc_1     0.0000    0.0000    0.0000        17
     exerc_2     0.1500    0.1667    0.1579        18
     exerc_3     0.7143    0.2941    0.4167        17
     exerc_4     0.3571    0.2632    0.3030        19
     exerc_5     0.1034    0.1765    0.1304        17
     exerc_6     0.2105    0.2353    0.2222        17
     exerc_7     0.1724    0.2941    0.2174        17

    accuracy                         0.2049       122
   macro avg     0.2440    0.2043    0.2068       122
weighted avg     0.2451    0.2049    0.2080       122


Confusion matrix (k = 3):
 [[0 6 0 0 3 4 4]
 [0 3 0 1 8 1 5]
 [0 1 5 7 0 2 2]
 [1 2 2 5 0 3 6]
 [3 4 0 0 3 3 4]
 [0 3 0 0 7 4 3]
 [0 1 0 1 8 2 5]] 

Time (classification) = 1567.5842807200097
----------------------------------------------------------------------

Correct classification rate (k = 5):
               precision    recall  f1-score   support

     exerc_1     0.1111    0.0588    0.0769        17
     exerc_2     0.0741    0.1111    0.0889        18
     exerc_3     1.0000    0.1765    0.3000        17
     exerc_4     0.1818    0.2105    0.1951        19
     exerc_5     0.1111    0.1176    0.1143        17
     exerc_6     0.2778    0.2941    0.2857        17
     exerc_7     0.1200    0.1765    0.1429        17

    accuracy                         0.1639       122
   macro avg     0.2680    0.1636    0.1720       122
weighted avg     0.2650    0.1639    0.1717       122


Confusion matrix (k = 5):
 [[1 4 0 5 0 2 5]
 [4 2 0 4 2 2 4]
 [1 1 3 1 7 1 3]
 [1 7 0 4 1 4 2]
 [2 4 0 3 2 1 5]
 [0 3 0 3 3 5 3]
 [0 6 0 2 3 3 3]] 

Time (classification) = 1565.8804358580092
----------------------------------------------------------------------

Correct classification rate (k = 7):
               precision    recall  f1-score   support

     exerc_1     0.0000    0.0000    0.0000        17
     exerc_2     0.1579    0.1667    0.1622        18
     exerc_3     0.0714    0.0588    0.0645        17
     exerc_4     0.0667    0.0526    0.0588        19
     exerc_5     0.2083    0.2941    0.2439        17
     exerc_6     0.0667    0.0588    0.0625        17
     exerc_7     0.1111    0.1176    0.1143        17

    accuracy                         0.1066       122
   macro avg     0.0974    0.1070    0.1009       122
weighted avg     0.0974    0.1066    0.1007       122


Confusion matrix (k = 7):
 [[0 3 1 5 2 2 4]
 [4 3 3 0 4 3 1]
 [4 5 1 3 1 2 1]
 [1 2 3 1 4 3 5]
 [4 1 1 2 5 1 3]
 [3 3 2 2 4 1 2]
 [1 2 3 2 4 3 2]] 

Time (classification) = 1574.2633587809978
----------------------------------------------------------------------

