CLUSTERS / CLASS: 1 

Time (clustering) = 2.098954982997384
METHOD: euclidean
Correct classification rate (k = 1):
               precision    recall  f1-score   support

     exerc_1     0.2500    0.2000    0.2222         5
     exerc_2     0.5000    0.4000    0.4444         5
     exerc_3     0.4444    0.8000    0.5714         5
     exerc_4     0.0000    0.0000    0.0000         5
     exerc_5     0.5714    0.8000    0.6667         5
     exerc_6     0.3333    0.4000    0.3636         5
     exerc_7     0.7500    0.6000    0.6667         5

    accuracy                         0.4571        35
   macro avg     0.4070    0.4571    0.4193        35
weighted avg     0.4070    0.4571    0.4193        35


Confusion matrix (k = 1):
 [[1 1 1 0 1 1 0]
 [0 2 2 0 1 0 0]
 [0 0 4 0 1 0 0]
 [1 0 2 0 0 1 1]
 [0 0 0 0 4 1 0]
 [1 1 0 1 0 2 0]
 [1 0 0 0 0 1 3]] 

Time (classification) = 0.05795626499457285
----------------------------------------------------------------------

Correct classification rate (k = 3):
               precision    recall  f1-score   support

     exerc_1     0.2000    0.2000    0.2000         5
     exerc_2     0.1667    0.2000    0.1818         5
     exerc_3     0.2500    0.4000    0.3077         5
     exerc_4     0.2000    0.2000    0.2000         5
     exerc_5     0.3333    0.2000    0.2500         5
     exerc_6     0.2000    0.2000    0.2000         5
     exerc_7     0.6667    0.4000    0.5000         5

    accuracy                         0.2571        35
   macro avg     0.2881    0.2571    0.2628        35
weighted avg     0.2881    0.2571    0.2628        35


Confusion matrix (k = 3):
 [[1 1 1 0 1 1 0]
 [1 1 2 0 0 1 0]
 [0 1 2 2 0 0 0]
 [0 1 2 1 0 1 0]
 [3 0 0 0 1 1 0]
 [0 1 1 1 0 1 1]
 [0 1 0 1 1 0 2]] 

Time (classification) = 0.04269853699952364
----------------------------------------------------------------------

Correct classification rate (k = 5):
               precision    recall  f1-score   support

     exerc_1     0.2000    0.2000    0.2000         5
     exerc_2     0.0000    0.0000    0.0000         5
     exerc_3     0.1250    0.2000    0.1538         5
     exerc_4     0.3333    0.4000    0.3636         5
     exerc_5     0.2500    0.2000    0.2222         5
     exerc_6     0.2500    0.2000    0.2222         5
     exerc_7     0.5000    0.2000    0.2857         5

    accuracy                         0.2000        35
   macro avg     0.2369    0.2000    0.2068        35
weighted avg     0.2369    0.2000    0.2068        35


Confusion matrix (k = 5):
 [[1 0 2 2 0 0 0]
 [0 0 1 1 0 2 1]
 [2 0 1 1 0 1 0]
 [1 1 0 2 1 0 0]
 [0 2 2 0 1 0 0]
 [0 1 2 0 1 1 0]
 [1 2 0 0 1 0 1]] 

Time (classification) = 0.02877789401100017
----------------------------------------------------------------------

Correct classification rate (k = 7):
               precision    recall  f1-score   support

     exerc_1     0.0000    0.0000    0.0000         5
     exerc_2     0.0000    0.0000    0.0000         5
     exerc_3     0.0000    0.0000    0.0000         5
     exerc_4     0.0000    0.0000    0.0000         5
     exerc_5     0.0000    0.0000    0.0000         5
     exerc_6     0.4000    0.4000    0.4000         5
     exerc_7     0.0000    0.0000    0.0000         5

    accuracy                         0.0571        35
   macro avg     0.0571    0.0571    0.0571        35
weighted avg     0.0571    0.0571    0.0571        35


Confusion matrix (k = 7):
 [[0 1 1 1 1 1 0]
 [0 0 1 1 1 1 1]
 [0 2 0 1 1 0 1]
 [1 0 0 0 0 0 4]
 [2 0 1 0 0 1 1]
 [0 0 2 1 0 2 0]
 [1 2 1 0 1 0 0]] 

Time (classification) = 0.02879636999568902
----------------------------------------------------------------------

METHOD: fastdtw
Correct classification rate (k = 1):
               precision    recall  f1-score   support

     exerc_1     1.0000    0.2000    0.3333         5
     exerc_2     0.0000    0.0000    0.0000         5
     exerc_3     1.0000    0.8000    0.8889         5
     exerc_4     1.0000    0.6000    0.7500         5
     exerc_5     1.0000    0.6000    0.7500         5
     exerc_6     0.2222    0.8000    0.3478         5
     exerc_7     0.6667    0.8000    0.7273         5

    accuracy                         0.5429        35
   macro avg     0.6984    0.5429    0.5425        35
weighted avg     0.6984    0.5429    0.5425        35


Confusion matrix (k = 1):
 [[1 0 0 0 0 4 0]
 [0 0 0 0 0 4 1]
 [0 0 4 0 0 1 0]
 [0 0 0 3 0 2 0]
 [0 0 0 0 3 2 0]
 [0 0 0 0 0 4 1]
 [0 0 0 0 0 1 4]] 

Time (classification) = 35.02440742001636
----------------------------------------------------------------------

Correct classification rate (k = 3):
               precision    recall  f1-score   support

     exerc_1     0.1429    0.2000    0.1667         5
     exerc_2     0.2000    0.2000    0.2000         5
     exerc_3     0.3333    0.2000    0.2500         5
     exerc_4     0.0000    0.0000    0.0000         5
     exerc_5     1.0000    0.2000    0.3333         5
     exerc_6     0.1667    0.4000    0.2353         5
     exerc_7     0.0000    0.0000    0.0000         5

    accuracy                         0.1714        35
   macro avg     0.2633    0.1714    0.1693        35
weighted avg     0.2633    0.1714    0.1693        35


Confusion matrix (k = 3):
 [[1 0 1 0 0 2 1]
 [0 1 0 0 0 3 1]
 [0 0 1 0 0 3 1]
 [1 0 1 0 0 2 1]
 [2 0 0 0 1 0 2]
 [0 2 0 0 0 2 1]
 [3 2 0 0 0 0 0]] 

Time (classification) = 34.82423546601785
----------------------------------------------------------------------

Correct classification rate (k = 5):
               precision    recall  f1-score   support

     exerc_1     0.2500    0.2000    0.2222         5
     exerc_2     0.1667    0.2000    0.1818         5
     exerc_3     0.3333    0.2000    0.2500         5
     exerc_4     0.3333    0.4000    0.3636         5
     exerc_5     0.1667    0.2000    0.1818         5
     exerc_6     0.1667    0.2000    0.1818         5
     exerc_7     0.0000    0.0000    0.0000         5

    accuracy                         0.2000        35
   macro avg     0.2024    0.2000    0.1973        35
weighted avg     0.2024    0.2000    0.1973        35


Confusion matrix (k = 5):
 [[1 2 0 0 1 0 1]
 [0 1 0 1 1 2 0]
 [0 0 1 2 0 1 1]
 [1 0 2 2 0 0 0]
 [1 0 0 0 1 1 2]
 [0 1 0 1 2 1 0]
 [1 2 0 0 1 1 0]] 

Time (classification) = 34.964801503985655
----------------------------------------------------------------------

Correct classification rate (k = 7):
               precision    recall  f1-score   support

     exerc_1     0.0000    0.0000    0.0000         5
     exerc_2     0.2000    0.2000    0.2000         5
     exerc_3     0.1429    0.2000    0.1667         5
     exerc_4     0.0000    0.0000    0.0000         5
     exerc_5     0.2000    0.2000    0.2000         5
     exerc_6     0.1250    0.2000    0.1538         5
     exerc_7     0.2500    0.2000    0.2222         5

    accuracy                         0.1429        35
   macro avg     0.1311    0.1429    0.1347        35
weighted avg     0.1311    0.1429    0.1347        35


Confusion matrix (k = 7):
 [[0 0 2 0 3 0 0]
 [0 1 0 2 0 1 1]
 [1 1 1 0 1 1 0]
 [1 1 0 0 0 3 0]
 [0 1 1 0 1 1 1]
 [1 1 1 0 0 1 1]
 [1 0 2 0 0 1 1]] 

Time (classification) = 34.94549007000751
----------------------------------------------------------------------

CLUSTERS / CLASS: 2 

Time (clustering) = 2.4785137069993652
METHOD: euclidean
Correct classification rate (k = 1):
               precision    recall  f1-score   support

     exerc_1     0.3333    0.4000    0.3636         5
     exerc_2     0.3333    0.6000    0.4286         5
     exerc_3     0.5714    0.8000    0.6667         5
     exerc_4     1.0000    0.2000    0.3333         5
     exerc_5     0.2500    0.2000    0.2222         5
     exerc_6     0.4000    0.4000    0.4000         5
     exerc_7     0.6667    0.4000    0.5000         5

    accuracy                         0.4286        35
   macro avg     0.5078    0.4286    0.4163        35
weighted avg     0.5078    0.4286    0.4163        35


Confusion matrix (k = 1):
 [[2 2 0 0 0 1 0]
 [0 3 1 0 1 0 0]
 [0 1 4 0 0 0 0]
 [0 0 2 1 0 1 1]
 [3 1 0 0 1 0 0]
 [1 2 0 0 0 2 0]
 [0 0 0 0 2 1 2]] 

Time (classification) = 0.10166591199231334
----------------------------------------------------------------------

Correct classification rate (k = 3):
               precision    recall  f1-score   support

     exerc_1     0.0000    0.0000    0.0000         5
     exerc_2     0.2500    0.6000    0.3529         5
     exerc_3     0.5000    0.6000    0.5455         5
     exerc_4     0.0000    0.0000    0.0000         5
     exerc_5     0.4286    0.6000    0.5000         5
     exerc_6     0.4000    0.4000    0.4000         5
     exerc_7     0.6667    0.4000    0.5000         5

    accuracy                         0.3714        35
   macro avg     0.3207    0.3714    0.3283        35
weighted avg     0.3207    0.3714    0.3283        35


Confusion matrix (k = 3):
 [[0 3 0 0 1 1 0]
 [0 3 1 0 1 0 0]
 [0 2 3 0 0 0 0]
 [1 0 2 0 0 1 1]
 [0 2 0 0 3 0 0]
 [0 2 0 1 0 2 0]
 [0 0 0 0 2 1 2]] 

Time (classification) = 0.053083901992067695
----------------------------------------------------------------------

Correct classification rate (k = 5):
               precision    recall  f1-score   support

     exerc_1     0.0000    0.0000    0.0000         5
     exerc_2     0.2500    0.6000    0.3529         5
     exerc_3     0.5000    0.8000    0.6154         5
     exerc_4     0.0000    0.0000    0.0000         5
     exerc_5     0.3333    0.4000    0.3636         5
     exerc_6     0.4000    0.4000    0.4000         5
     exerc_7     0.3333    0.2000    0.2500         5

    accuracy                         0.3429        35
   macro avg     0.2595    0.3429    0.2831        35
weighted avg     0.2595    0.3429    0.2831        35


Confusion matrix (k = 5):
 [[0 3 0 0 1 1 0]
 [0 3 1 0 1 0 0]
 [0 1 4 0 0 0 0]
 [0 0 3 0 0 1 1]
 [0 2 0 0 2 0 1]
 [0 2 0 0 1 2 0]
 [1 1 0 0 1 1 1]] 

Time (classification) = 0.050722871004836634
----------------------------------------------------------------------

Correct classification rate (k = 7):
               precision    recall  f1-score   support

     exerc_1     0.5000    0.4000    0.4444         5
     exerc_2     0.1538    0.4000    0.2222         5
     exerc_3     0.6250    1.0000    0.7692         5
     exerc_4     0.0000    0.0000    0.0000         5
     exerc_5     0.5000    0.2000    0.2857         5
     exerc_6     0.0000    0.0000    0.0000         5
     exerc_7     0.3333    0.4000    0.3636         5

    accuracy                         0.3429        35
   macro avg     0.3017    0.3429    0.2979        35
weighted avg     0.3017    0.3429    0.2979        35


Confusion matrix (k = 7):
 [[2 2 1 0 0 0 0]
 [0 2 1 0 0 1 1]
 [0 0 5 0 0 0 0]
 [0 4 0 0 0 0 1]
 [1 0 1 0 1 1 1]
 [0 4 0 0 0 0 1]
 [1 1 0 0 1 0 2]] 

Time (classification) = 0.050536506983917207
----------------------------------------------------------------------

METHOD: fastdtw
Correct classification rate (k = 1):
               precision    recall  f1-score   support

     exerc_1     1.0000    0.2000    0.3333         5
     exerc_2     0.1111    0.2000    0.1429         5
     exerc_3     1.0000    0.8000    0.8889         5
     exerc_4     1.0000    0.6000    0.7500         5
     exerc_5     1.0000    0.6000    0.7500         5
     exerc_6     0.1111    0.2000    0.1429         5
     exerc_7     0.6667    0.8000    0.7273         5

    accuracy                         0.4857        35
   macro avg     0.6984    0.4857    0.5336        35
weighted avg     0.6984    0.4857    0.5336        35


Confusion matrix (k = 1):
 [[1 2 0 0 0 2 0]
 [0 1 0 0 0 3 1]
 [0 1 4 0 0 0 0]
 [0 0 0 3 0 2 0]
 [0 2 0 0 3 0 0]
 [0 3 0 0 0 1 1]
 [0 0 0 0 0 1 4]] 

Time (classification) = 69.96215914597269
----------------------------------------------------------------------

Correct classification rate (k = 3):
               precision    recall  f1-score   support

     exerc_1     0.0000    0.0000    0.0000         5
     exerc_2     0.1000    0.2000    0.1333         5
     exerc_3     1.0000    0.8000    0.8889         5
     exerc_4     1.0000    0.4000    0.5714         5
     exerc_5     1.0000    0.6000    0.7500         5
     exerc_6     0.1111    0.2000    0.1429         5
     exerc_7     0.5714    0.8000    0.6667         5

    accuracy                         0.4286        35
   macro avg     0.5404    0.4286    0.4505        35
weighted avg     0.5404    0.4286    0.4505        35


Confusion matrix (k = 3):
 [[0 2 0 0 0 2 1]
 [0 1 0 0 0 3 1]
 [0 1 4 0 0 0 0]
 [0 1 0 2 0 2 0]
 [0 2 0 0 3 0 0]
 [0 3 0 0 0 1 1]
 [0 0 0 0 0 1 4]] 

Time (classification) = 70.71277778499643
----------------------------------------------------------------------

Correct classification rate (k = 5):
               precision    recall  f1-score   support

     exerc_1     0.3333    0.2000    0.2500         5
     exerc_2     0.1250    0.2000    0.1538         5
     exerc_3     0.6667    0.4000    0.5000         5
     exerc_4     0.5000    0.2000    0.2857         5
     exerc_5     1.0000    0.6000    0.7500         5
     exerc_6     0.2308    0.6000    0.3333         5
     exerc_7     0.6667    0.4000    0.5000         5

    accuracy                         0.3714        35
   macro avg     0.5032    0.3714    0.3961        35
weighted avg     0.5032    0.3714    0.3961        35


Confusion matrix (k = 5):
 [[1 1 0 0 0 3 0]
 [1 1 0 0 0 3 0]
 [0 1 2 1 0 1 0]
 [0 2 1 1 0 1 0]
 [0 1 0 0 3 1 0]
 [0 1 0 0 0 3 1]
 [1 1 0 0 0 1 2]] 

Time (classification) = 69.98154601099668
----------------------------------------------------------------------

Correct classification rate (k = 7):
               precision    recall  f1-score   support

     exerc_1     0.2222    0.4000    0.2857         5
     exerc_2     0.2727    0.6000    0.3750         5
     exerc_3     0.0000    0.0000    0.0000         5
     exerc_4     0.3333    0.2000    0.2500         5
     exerc_5     0.0000    0.0000    0.0000         5
     exerc_6     0.2222    0.4000    0.2857         5
     exerc_7     0.5000    0.2000    0.2857         5

    accuracy                         0.2571        35
   macro avg     0.2215    0.2571    0.2117        35
weighted avg     0.2215    0.2571    0.2117        35


Confusion matrix (k = 7):
 [[2 1 0 1 0 1 0]
 [1 3 0 0 0 1 0]
 [0 2 0 1 0 2 0]
 [0 0 1 1 0 3 0]
 [2 2 0 0 0 0 1]
 [2 1 0 0 0 2 0]
 [2 2 0 0 0 0 1]] 

Time (classification) = 70.04578456300078
----------------------------------------------------------------------

CLUSTERS / CLASS: 3 

Time (clustering) = 3.231449785991572
METHOD: euclidean
Correct classification rate (k = 1):
               precision    recall  f1-score   support

     exerc_1     0.3333    0.2000    0.2500         5
     exerc_2     0.3000    0.6000    0.4000         5
     exerc_3     0.8000    0.8000    0.8000         5
     exerc_4     0.0000    0.0000    0.0000         5
     exerc_5     0.6000    0.6000    0.6000         5
     exerc_6     0.2857    0.4000    0.3333         5
     exerc_7     0.6667    0.4000    0.5000         5

    accuracy                         0.4286        35
   macro avg     0.4265    0.4286    0.4119        35
weighted avg     0.4265    0.4286    0.4119        35


Confusion matrix (k = 1):
 [[1 3 0 0 0 1 0]
 [0 3 1 0 1 0 0]
 [0 1 4 0 0 0 0]
 [1 1 0 0 0 2 1]
 [0 1 0 0 3 1 0]
 [1 1 0 1 0 2 0]
 [0 0 0 1 1 1 2]] 

Time (classification) = 0.1258892320038285
----------------------------------------------------------------------

Correct classification rate (k = 3):
               precision    recall  f1-score   support

     exerc_1     0.2500    0.2000    0.2222         5
     exerc_2     0.3333    0.4000    0.3636         5
     exerc_3     0.7143    1.0000    0.8333         5
     exerc_4     0.0000    0.0000    0.0000         5
     exerc_5     0.2500    0.2000    0.2222         5
     exerc_6     0.2500    0.4000    0.3077         5
     exerc_7     0.7500    0.6000    0.6667         5

    accuracy                         0.4000        35
   macro avg     0.3639    0.4000    0.3737        35
weighted avg     0.3639    0.4000    0.3737        35


Confusion matrix (k = 3):
 [[1 1 0 1 1 1 0]
 [0 2 1 0 1 1 0]
 [0 0 5 0 0 0 0]
 [1 0 1 0 0 2 1]
 [1 2 0 0 1 1 0]
 [1 1 0 1 0 2 0]
 [0 0 0 0 1 1 3]] 

Time (classification) = 0.07265060298959725
----------------------------------------------------------------------

Correct classification rate (k = 5):
               precision    recall  f1-score   support

     exerc_1     0.1667    0.2000    0.1818         5
     exerc_2     0.5000    0.4000    0.4444         5
     exerc_3     0.5714    0.8000    0.6667         5
     exerc_4     0.0000    0.0000    0.0000         5
     exerc_5     0.4000    0.4000    0.4000         5
     exerc_6     0.3750    0.6000    0.4615         5
     exerc_7     0.7500    0.6000    0.6667         5

    accuracy                         0.4286        35
   macro avg     0.3947    0.4286    0.4030        35
weighted avg     0.3947    0.4286    0.4030        35


Confusion matrix (k = 5):
 [[1 1 0 0 1 2 0]
 [0 2 1 0 1 1 0]
 [1 0 4 0 0 0 0]
 [1 1 2 0 0 0 1]
 [2 0 0 0 2 1 0]
 [1 0 0 1 0 3 0]
 [0 0 0 0 1 1 3]] 

Time (classification) = 0.07505664700875059
----------------------------------------------------------------------

Correct classification rate (k = 7):
               precision    recall  f1-score   support

     exerc_1     0.2000    0.2000    0.2000         5
     exerc_2     0.7500    0.6000    0.6667         5
     exerc_3     0.5556    1.0000    0.7143         5
     exerc_4     0.0000    0.0000    0.0000         5
     exerc_5     0.6000    0.6000    0.6000         5
     exerc_6     0.5000    0.6000    0.5455         5
     exerc_7     0.7500    0.6000    0.6667         5

    accuracy                         0.5143        35
   macro avg     0.4794    0.5143    0.4847        35
weighted avg     0.4794    0.5143    0.4847        35


Confusion matrix (k = 7):
 [[1 1 0 1 1 1 0]
 [0 3 1 0 1 0 0]
 [0 0 5 0 0 0 0]
 [1 0 3 0 0 0 1]
 [1 0 0 0 3 1 0]
 [1 0 0 1 0 3 0]
 [1 0 0 0 0 1 3]] 

Time (classification) = 0.07282356897485442
----------------------------------------------------------------------

METHOD: fastdtw
Correct classification rate (k = 1):
               precision    recall  f1-score   support

     exerc_1     0.0000    0.0000    0.0000         5
     exerc_2     0.0000    0.0000    0.0000         5
     exerc_3     1.0000    0.8000    0.8889         5
     exerc_4     1.0000    0.6000    0.7500         5
     exerc_5     1.0000    0.6000    0.7500         5
     exerc_6     0.2222    0.8000    0.3478         5
     exerc_7     0.6667    0.8000    0.7273         5

    accuracy                         0.5143        35
   macro avg     0.5556    0.5143    0.4949        35
weighted avg     0.5556    0.5143    0.4949        35


Confusion matrix (k = 1):
 [[0 0 0 0 0 4 1]
 [0 0 0 0 0 4 1]
 [0 0 4 0 0 1 0]
 [0 0 0 3 0 2 0]
 [0 0 0 0 3 2 0]
 [0 1 0 0 0 4 0]
 [0 0 0 0 0 1 4]] 

Time (classification) = 105.0721504020039
----------------------------------------------------------------------

Correct classification rate (k = 3):
               precision    recall  f1-score   support

     exerc_1     0.0000    0.0000    0.0000         5
     exerc_2     0.0000    0.0000    0.0000         5
     exerc_3     1.0000    0.8000    0.8889         5
     exerc_4     1.0000    0.6000    0.7500         5
     exerc_5     1.0000    0.6000    0.7500         5
     exerc_6     0.2222    0.8000    0.3478         5
     exerc_7     0.6000    0.6000    0.6000         5

    accuracy                         0.4857        35
   macro avg     0.5460    0.4857    0.4767        35
weighted avg     0.5460    0.4857    0.4767        35


Confusion matrix (k = 3):
 [[0 0 0 0 0 4 1]
 [1 0 0 0 0 4 0]
 [0 0 4 0 0 1 0]
 [0 0 0 3 0 2 0]
 [0 0 0 0 3 2 0]
 [0 0 0 0 0 4 1]
 [1 0 0 0 0 1 3]] 

Time (classification) = 104.28708318597637
----------------------------------------------------------------------

Correct classification rate (k = 5):
               precision    recall  f1-score   support

     exerc_1     1.0000    0.2000    0.3333         5
     exerc_2     0.0000    0.0000    0.0000         5
     exerc_3     0.8000    0.8000    0.8000         5
     exerc_4     1.0000    0.2000    0.3333         5
     exerc_5     1.0000    0.4000    0.5714         5
     exerc_6     0.2500    1.0000    0.4000         5
     exerc_7     0.6667    0.8000    0.7273         5

    accuracy                         0.4857        35
   macro avg     0.6738    0.4857    0.4522        35
weighted avg     0.6738    0.4857    0.4522        35


Confusion matrix (k = 5):
 [[1 0 0 0 0 4 0]
 [0 0 0 0 0 4 1]
 [0 0 4 0 0 1 0]
 [0 0 1 1 0 3 0]
 [0 0 0 0 2 2 1]
 [0 0 0 0 0 5 0]
 [0 0 0 0 0 1 4]] 

Time (classification) = 107.49638439700357
----------------------------------------------------------------------

Correct classification rate (k = 7):
               precision    recall  f1-score   support

     exerc_1     0.0000    0.0000    0.0000         5
     exerc_2     1.0000    0.2000    0.3333         5
     exerc_3     0.8000    0.8000    0.8000         5
     exerc_4     1.0000    0.2000    0.3333         5
     exerc_5     1.0000    0.4000    0.5714         5
     exerc_6     0.2222    0.8000    0.3478         5
     exerc_7     0.5000    0.8000    0.6154         5

    accuracy                         0.4571        35
   macro avg     0.6460    0.4571    0.4288        35
weighted avg     0.6460    0.4571    0.4288        35


Confusion matrix (k = 7):
 [[0 0 0 0 0 4 1]
 [0 1 0 0 0 3 1]
 [0 0 4 0 0 1 0]
 [0 0 1 1 0 3 0]
 [0 0 0 0 2 2 1]
 [0 0 0 0 0 4 1]
 [0 0 0 0 0 1 4]] 

Time (classification) = 107.92147886398016
----------------------------------------------------------------------

CLUSTERS / CLASS: 4 

Time (clustering) = 3.6271126299980097
METHOD: euclidean
Correct classification rate (k = 1):
               precision    recall  f1-score   support

     exerc_1     0.4000    0.4000    0.4000         5
     exerc_2     0.4000    0.8000    0.5333         5
     exerc_3     0.7500    0.6000    0.6667         5
     exerc_4     0.5000    0.2000    0.2857         5
     exerc_5     1.0000    0.4000    0.5714         5
     exerc_6     0.3750    0.6000    0.4615         5
     exerc_7     0.7500    0.6000    0.6667         5

    accuracy                         0.5143        35
   macro avg     0.5964    0.5143    0.5122        35
weighted avg     0.5964    0.5143    0.5122        35


Confusion matrix (k = 1):
 [[2 1 0 0 0 2 0]
 [0 4 0 0 0 1 0]
 [0 2 3 0 0 0 0]
 [0 2 1 1 0 0 1]
 [1 1 0 0 2 1 0]
 [1 0 0 1 0 3 0]
 [1 0 0 0 0 1 3]] 

Time (classification) = 0.15311193498200737
----------------------------------------------------------------------

Correct classification rate (k = 3):
               precision    recall  f1-score   support

     exerc_1     0.2500    0.2000    0.2222         5
     exerc_2     0.3000    0.6000    0.4000         5
     exerc_3     0.6667    0.8000    0.7273         5
     exerc_4     0.0000    0.0000    0.0000         5
     exerc_5     0.5000    0.4000    0.4444         5
     exerc_6     0.5000    0.6000    0.5455         5
     exerc_7     0.7500    0.6000    0.6667         5

    accuracy                         0.4571        35
   macro avg     0.4238    0.4571    0.4294        35
weighted avg     0.4238    0.4571    0.4294        35


Confusion matrix (k = 3):
 [[1 3 0 0 0 1 0]
 [0 3 1 0 1 0 0]
 [0 1 4 0 0 0 0]
 [1 1 1 0 0 1 1]
 [1 1 0 0 2 1 0]
 [1 0 0 1 0 3 0]
 [0 1 0 0 1 0 3]] 

Time (classification) = 0.09399398701498285
----------------------------------------------------------------------

Correct classification rate (k = 5):
               precision    recall  f1-score   support

     exerc_1     0.2500    0.2000    0.2222         5
     exerc_2     0.3333    0.6000    0.4286         5
     exerc_3     0.5714    0.8000    0.6667         5
     exerc_4     1.0000    0.2000    0.3333         5
     exerc_5     0.5000    0.4000    0.4444         5
     exerc_6     0.4000    0.4000    0.4000         5
     exerc_7     0.6000    0.6000    0.6000         5

    accuracy                         0.4571        35
   macro avg     0.5221    0.4571    0.4422        35
weighted avg     0.5221    0.4571    0.4422        35


Confusion matrix (k = 5):
 [[1 3 0 0 0 1 0]
 [0 3 1 0 1 0 0]
 [0 1 4 0 0 0 0]
 [1 0 2 1 0 0 1]
 [1 1 0 0 2 1 0]
 [1 1 0 0 0 2 1]
 [0 0 0 0 1 1 3]] 

Time (classification) = 0.09382596801151522
----------------------------------------------------------------------

Correct classification rate (k = 7):
               precision    recall  f1-score   support

     exerc_1     0.0000    0.0000    0.0000         5
     exerc_2     0.2222    0.4000    0.2857         5
     exerc_3     0.5000    0.6000    0.5455         5
     exerc_4     0.0000    0.0000    0.0000         5
     exerc_5     0.4000    0.4000    0.4000         5
     exerc_6     0.4286    0.6000    0.5000         5
     exerc_7     0.7500    0.6000    0.6667         5

    accuracy                         0.3714        35
   macro avg     0.3287    0.3714    0.3425        35
weighted avg     0.3287    0.3714    0.3425        35


Confusion matrix (k = 7):
 [[0 3 0 0 1 1 0]
 [0 2 1 0 1 1 0]
 [0 2 3 0 0 0 0]
 [1 1 2 0 0 0 1]
 [1 1 0 0 2 1 0]
 [1 0 0 1 0 3 0]
 [0 0 0 0 1 1 3]] 

Time (classification) = 0.09746669200831093
----------------------------------------------------------------------

METHOD: fastdtw
Correct classification rate (k = 1):
               precision    recall  f1-score   support

     exerc_1     1.0000    0.2000    0.3333         5
     exerc_2     0.0000    0.0000    0.0000         5
     exerc_3     1.0000    0.4000    0.5714         5
     exerc_4     0.5000    0.6000    0.5455         5
     exerc_5     1.0000    0.6000    0.7500         5
     exerc_6     0.1667    0.4000    0.2353         5
     exerc_7     0.5000    0.6000    0.5455         5

    accuracy                         0.4000        35
   macro avg     0.5952    0.4000    0.4259        35
weighted avg     0.5952    0.4000    0.4259        35


Confusion matrix (k = 1):
 [[1 1 0 0 0 2 1]
 [0 0 0 0 0 4 1]
 [0 0 2 3 0 0 0]
 [0 1 0 3 0 1 0]
 [0 0 0 0 3 2 0]
 [0 2 0 0 0 2 1]
 [0 1 0 0 0 1 3]] 

Time (classification) = 142.77209049198427
----------------------------------------------------------------------

Correct classification rate (k = 3):
               precision    recall  f1-score   support

     exerc_1     0.0000    0.0000    0.0000         5
     exerc_2     1.0000    0.2000    0.3333         5
     exerc_3     1.0000    0.8000    0.8889         5
     exerc_4     1.0000    0.6000    0.7500         5
     exerc_5     1.0000    0.6000    0.7500         5
     exerc_6     0.2222    0.8000    0.3478         5
     exerc_7     0.8000    0.8000    0.8000         5

    accuracy                         0.5429        35
   macro avg     0.7175    0.5429    0.5529        35
weighted avg     0.7175    0.5429    0.5529        35


Confusion matrix (k = 3):
 [[0 0 0 0 0 4 1]
 [0 1 0 0 0 4 0]
 [0 0 4 0 0 1 0]
 [0 0 0 3 0 2 0]
 [0 0 0 0 3 2 0]
 [1 0 0 0 0 4 0]
 [0 0 0 0 0 1 4]] 

Time (classification) = 143.26775401702616
----------------------------------------------------------------------

Correct classification rate (k = 5):
               precision    recall  f1-score   support

     exerc_1     0.0000    0.0000    0.0000         5
     exerc_2     0.0000    0.0000    0.0000         5
     exerc_3     1.0000    0.8000    0.8889         5
     exerc_4     1.0000    0.4000    0.5714         5
     exerc_5     1.0000    0.6000    0.7500         5
     exerc_6     0.1765    0.6000    0.2727         5
     exerc_7     0.6667    0.8000    0.7273         5

    accuracy                         0.4571        35
   macro avg     0.5490    0.4571    0.4586        35
weighted avg     0.5490    0.4571    0.4586        35


Confusion matrix (k = 5):
 [[0 0 0 0 0 4 1]
 [1 0 0 0 0 4 0]
 [0 0 4 0 0 1 0]
 [0 0 0 2 0 2 1]
 [0 0 0 0 3 2 0]
 [0 2 0 0 0 3 0]
 [0 0 0 0 0 1 4]] 

Time (classification) = 142.8178606609872
----------------------------------------------------------------------

Correct classification rate (k = 7):
               precision    recall  f1-score   support

     exerc_1     0.0000    0.0000    0.0000         5
     exerc_2     0.5000    0.2000    0.2857         5
     exerc_3     1.0000    0.8000    0.8889         5
     exerc_4     1.0000    0.6000    0.7500         5
     exerc_5     1.0000    0.6000    0.7500         5
     exerc_6     0.2500    0.8000    0.3810         5
     exerc_7     0.5714    0.8000    0.6667         5

    accuracy                         0.5429        35
   macro avg     0.6173    0.5429    0.5317        35
weighted avg     0.6173    0.5429    0.5317        35


Confusion matrix (k = 7):
 [[0 1 0 0 0 3 1]
 [0 1 0 0 0 3 1]
 [0 0 4 0 0 1 0]
 [0 0 0 3 0 2 0]
 [0 0 0 0 3 2 0]
 [0 0 0 0 0 4 1]
 [0 0 0 0 0 1 4]] 

Time (classification) = 149.45541195300757
----------------------------------------------------------------------

CLUSTERS / CLASS: 5 

Time (clustering) = 4.284489668003516
METHOD: euclidean
Correct classification rate (k = 1):
               precision    recall  f1-score   support

     exerc_1     0.4000    0.4000    0.4000         5
     exerc_2     0.4286    0.6000    0.5000         5
     exerc_3     0.6667    0.8000    0.7273         5
     exerc_4     0.7500    0.6000    0.6667         5
     exerc_5     0.6667    0.4000    0.5000         5
     exerc_6     0.4000    0.4000    0.4000         5
     exerc_7     0.6000    0.6000    0.6000         5

    accuracy                         0.5429        35
   macro avg     0.5588    0.5429    0.5420        35
weighted avg     0.5588    0.5429    0.5420        35


Confusion matrix (k = 1):
 [[2 2 0 0 0 1 0]
 [0 3 2 0 0 0 0]
 [0 1 4 0 0 0 0]
 [1 0 0 3 0 0 1]
 [2 0 0 0 2 1 0]
 [0 1 0 1 0 2 1]
 [0 0 0 0 1 1 3]] 

Time (classification) = 0.16944062398397364
----------------------------------------------------------------------

Correct classification rate (k = 3):
               precision    recall  f1-score   support

     exerc_1     0.2500    0.4000    0.3077         5
     exerc_2     0.4286    0.6000    0.5000         5
     exerc_3     0.5714    0.8000    0.6667         5
     exerc_4     0.6667    0.4000    0.5000         5
     exerc_5     0.5000    0.2000    0.2857         5
     exerc_6     0.5000    0.4000    0.4444         5
     exerc_7     0.7500    0.6000    0.6667         5

    accuracy                         0.4857        35
   macro avg     0.5238    0.4857    0.4816        35
weighted avg     0.5238    0.4857    0.4816        35


Confusion matrix (k = 3):
 [[2 1 1 0 0 1 0]
 [0 3 1 0 1 0 0]
 [0 1 4 0 0 0 0]
 [1 0 1 2 0 0 1]
 [3 0 0 0 1 1 0]
 [1 1 0 1 0 2 0]
 [1 1 0 0 0 0 3]] 

Time (classification) = 0.13219567999476567
----------------------------------------------------------------------

Correct classification rate (k = 5):
               precision    recall  f1-score   support

     exerc_1     0.2000    0.2000    0.2000         5
     exerc_2     0.2857    0.4000    0.3333         5
     exerc_3     0.5556    1.0000    0.7143         5
     exerc_4     0.0000    0.0000    0.0000         5
     exerc_5     0.5000    0.4000    0.4444         5
     exerc_6     0.6000    0.6000    0.6000         5
     exerc_7     0.7500    0.6000    0.6667         5

    accuracy                         0.4571        35
   macro avg     0.4130    0.4571    0.4227        35
weighted avg     0.4130    0.4571    0.4227        35


Confusion matrix (k = 5):
 [[1 3 1 0 0 0 0]
 [0 2 1 0 1 1 0]
 [0 0 5 0 0 0 0]
 [1 1 2 0 0 0 1]
 [2 0 0 0 2 1 0]
 [1 0 0 1 0 3 0]
 [0 1 0 0 1 0 3]] 

Time (classification) = 0.11522706199320965
----------------------------------------------------------------------

Correct classification rate (k = 7):
               precision    recall  f1-score   support

     exerc_1     0.4000    0.4000    0.4000         5
     exerc_2     0.3333    0.4000    0.3636         5
     exerc_3     0.6250    1.0000    0.7692         5
     exerc_4     0.0000    0.0000    0.0000         5
     exerc_5     0.5000    0.4000    0.4444         5
     exerc_6     0.2857    0.4000    0.3333         5
     exerc_7     0.7500    0.6000    0.6667         5

    accuracy                         0.4571        35
   macro avg     0.4134    0.4571    0.4253        35
weighted avg     0.4134    0.4571    0.4253        35


Confusion matrix (k = 7):
 [[2 2 0 0 0 1 0]
 [0 2 1 0 1 1 0]
 [0 0 5 0 0 0 0]
 [1 0 2 0 0 1 1]
 [1 1 0 0 2 1 0]
 [1 1 0 1 0 2 0]
 [0 0 0 0 1 1 3]] 

Time (classification) = 0.11591250699711964
----------------------------------------------------------------------

METHOD: fastdtw
Correct classification rate (k = 1):
               precision    recall  f1-score   support

     exerc_1     1.0000    0.6000    0.7500         5
     exerc_2     0.2500    0.2000    0.2222         5
     exerc_3     1.0000    0.2000    0.3333         5
     exerc_4     0.5000    0.6000    0.5455         5
     exerc_5     1.0000    0.6000    0.7500         5
     exerc_6     0.2500    0.6000    0.3529         5
     exerc_7     0.6667    0.8000    0.7273         5

    accuracy                         0.5143        35
   macro avg     0.6667    0.5143    0.5259        35
weighted avg     0.6667    0.5143    0.5259        35


Confusion matrix (k = 1):
 [[3 1 0 0 0 1 0]
 [0 1 0 0 0 2 2]
 [0 0 1 3 0 1 0]
 [0 0 0 3 0 2 0]
 [0 0 0 0 3 2 0]
 [0 2 0 0 0 3 0]
 [0 0 0 0 0 1 4]] 

Time (classification) = 179.79232714799582
----------------------------------------------------------------------

Correct classification rate (k = 3):
               precision    recall  f1-score   support

     exerc_1     0.3333    0.2000    0.2500         5
     exerc_2     0.4000    0.4000    0.4000         5
     exerc_3     1.0000    0.6000    0.7500         5
     exerc_4     0.7500    0.6000    0.6667         5
     exerc_5     1.0000    0.6000    0.7500         5
     exerc_6     0.3077    0.8000    0.4444         5
     exerc_7     0.5000    0.4000    0.4444         5

    accuracy                         0.5143        35
   macro avg     0.6130    0.5143    0.5294        35
weighted avg     0.6130    0.5143    0.5294        35


Confusion matrix (k = 3):
 [[1 0 0 1 0 2 1]
 [0 2 0 0 0 3 0]
 [0 1 3 0 0 1 0]
 [0 1 0 3 0 1 0]
 [0 0 0 0 3 1 1]
 [1 0 0 0 0 4 0]
 [1 1 0 0 0 1 2]] 

Time (classification) = 178.55504471401218
----------------------------------------------------------------------

Correct classification rate (k = 5):
               precision    recall  f1-score   support

     exerc_1     0.0000    0.0000    0.0000         5
     exerc_2     0.0000    0.0000    0.0000         5
     exerc_3     1.0000    0.8000    0.8889         5
     exerc_4     1.0000    0.8000    0.8889         5
     exerc_5     1.0000    0.6000    0.7500         5
     exerc_6     0.2500    0.8000    0.3810         5
     exerc_7     0.6000    0.6000    0.6000         5

    accuracy                         0.5143        35
   macro avg     0.5500    0.5143    0.5012        35
weighted avg     0.5500    0.5143    0.5012        35


Confusion matrix (k = 5):
 [[0 0 0 0 0 4 1]
 [1 0 0 0 0 4 0]
 [0 0 4 0 0 1 0]
 [0 1 0 4 0 0 0]
 [0 0 0 0 3 2 0]
 [0 0 0 0 0 4 1]
 [1 0 0 0 0 1 3]] 

Time (classification) = 178.73314776498592
----------------------------------------------------------------------

Correct classification rate (k = 7):
               precision    recall  f1-score   support

     exerc_1     0.0000    0.0000    0.0000         5
     exerc_2     0.0000    0.0000    0.0000         5
     exerc_3     1.0000    0.8000    0.8889         5
     exerc_4     0.7500    0.6000    0.6667         5
     exerc_5     1.0000    0.6000    0.7500         5
     exerc_6     0.2353    0.8000    0.3636         5
     exerc_7     0.6000    0.6000    0.6000         5

    accuracy                         0.4857        35
   macro avg     0.5122    0.4857    0.4670        35
weighted avg     0.5122    0.4857    0.4670        35


Confusion matrix (k = 7):
 [[0 0 0 1 0 3 1]
 [1 0 0 0 0 4 0]
 [0 0 4 0 0 1 0]
 [0 0 0 3 0 2 0]
 [0 0 0 0 3 2 0]
 [0 0 0 0 0 4 1]
 [1 0 0 0 0 1 3]] 

Time (classification) = 178.8765126109938
----------------------------------------------------------------------

